Event 4 Statistics:
Number of clusters: 1263
Average connectivity: 0.8890
Average track length: 6.47
Noise contamination: 53028 noise points, 8173 signal points
Signal-to-noise ratio: 0.15
Average noise ratio: 0.5791

Detailed Cluster Metrics:
Cluster ID   Connectivity Track Length
----------------------------------------
4000007      1.0000       7           
4000009      0.5714       7           
4000010      0.7692       13          
4000012      1.0000       5           
4000016      1.0000       5           
4000023      1.0000       7           
4000026      0.8000       5           
4000033      1.0000       6           
4000038      1.0000       5           
4000044      0.7778       9           
4000050      1.0000       6           
4000061      1.0000       6           
4000064      1.0000       5           
4000067      1.0000       11          
4000068      1.0000       5           
4000070      1.0000       9           
4000071      1.0000       7           
4000073      1.0000       5           
4000074      1.0000       9           
4000075      1.0000       7           
4000079      1.0000       6           
4000083      0.6667       6           
4000085      1.0000       5           
4000087      1.0000       12          
4000089      0.7778       9           
4000091      1.0000       2           
4000118      0.4000       5           
4000126      1.0000       4           
4000146      1.0000       7           
4000147      1.0000       10          
4000168      0.6250       8           
4000178      1.0000       5           
4000179      1.0000       8           
4000181      0.7500       4           
4000182      0.6000       5           
4000183      0.4000       5           
4000184      0.6000       10          
4000185      0.7692       13          
4000189      0.6667       6           
4000190      1.0000       7           
4000191      0.7143       7           
4000192      1.0000       8           
4000193      1.0000       10          
4000194      1.0000       9           
4000195      0.8000       5           
4000196      1.0000       7           
4000197      1.0000       3           
4000198      0.6000       5           
4000199      1.0000       5           
4000200      1.0000       4           
4000201      0.4000       5           
4000204      1.0000       7           
4000205      1.0000       6           
4000207      1.0000       8           
4000208      1.0000       4           
4000211      1.0000       7           
4000216      1.0000       12          
4000220      0.5714       7           
4000245      1.0000       3           
4000252      0.5000       4           
4000253      1.0000       7           
4000254      0.6667       12          
4000260      1.0000       5           
4000271      1.0000       9           
4000286      0.5000       4           
4000287      1.0000       7           
4000290      0.6000       5           
4000291      0.4000       5           
4000298      1.0000       3           
4000300      0.4000       5           
4000302      0.6364       11          
4000319      0.5000       4           
4000324      1.0000       11          
4000332      1.0000       9           
4000335      1.0000       3           
4000340      0.8000       5           
4000341      1.0000       6           
4000353      0.6250       8           
4000358      0.5000       2           
4000369      1.0000       9           
4000370      1.0000       6           
4000453      1.0000       4           
4000454      1.0000       2           
4000484      1.0000       9           
4000486      1.0000       8           
4000526      1.0000       4           
4000560      1.0000       5           
4000606      0.7500       4           
4000688      1.0000       3           
4000771      0.5714       7           
4000790      0.4000       5           
4000791      0.5000       2           
4000836      0.5000       4           
4000926      1.0000       29          
4000932      1.0000       7           
4000990      1.0000       10          
4001044      0.7500       4           
4001045      1.0000       4           
4001206      1.0000       11          
4001211      1.0000       3           
4001219      1.0000       4           
4001287      1.0000       4           
4001295      1.0000       3           
4086859      1.0000       2           
4087523      1.0000       2           
4088729      0.3333       3           
4093113      0.6667       6           
4102377      1.0000       2           
4107859      1.0000       2           
4115373      0.7500       4           
4115681      0.6667       3           
4116285      0.6667       3           
4116758      0.5000       10          
4118834      1.0000       2           
4127908      1.0000       2           
4127998      1.0000       9           
4128011      1.0000       4           
4128035      1.0000       11          
4128036      1.0000       5           
4128085      1.0000       5           
4128109      0.5000       8           
4128173      0.7500       4           
4128361      1.0000       2           
4128388      0.6000       10          
4128404      1.0000       10          
4128429      1.0000       6           
4128578      1.0000       13          
4128582      0.7500       8           
4128590      0.6000       5           
4128591      1.0000       6           
4128592      0.8000       5           
4128593      1.0000       11          
4128596      0.6667       6           
4128597      1.0000       5           
4128679      1.0000       3           
4128713      1.0000       2           
4128714      1.0000       2           
4128774      0.6000       5           
4128776      1.0000       8           
4128828      1.0000       2           
4128917      1.0000       2           
4129012      1.0000       12          
4129014      1.0000       7           
4129016      1.0000       9           
4129018      1.0000       9           
4129021      1.0000       3           
4129087      0.6000       5           
4129174      0.6667       3           
4129204      1.0000       2           
4129232      0.9231       13          
4129387      0.6000       10          
4129495      1.0000       3           
4129496      1.0000       2           
4129576      0.6000       10          
4129580      1.0000       8           
4129593      1.0000       7           
4129594      1.0000       16          
4129595      0.8571       7           
4129598      0.5000       6           
4129600      1.0000       2           
4129601      1.0000       4           
4129615      1.0000       2           
4129616      1.0000       5           
4129645      1.0000       7           
4129647      1.0000       6           
4129702      1.0000       2           
4129762      1.0000       2           
4129773      1.0000       2           
4129776      1.0000       5           
4129785      1.0000       10          
4129885      0.6667       3           
4129910      0.9286       14          
4129912      0.5000       2           
4129919      1.0000       4           
4129980      1.0000       7           
4129988      0.7143       7           
4129991      1.0000       5           
4130019      1.0000       9           
4130020      0.6000       5           
4130024      0.8889       9           
4130124      1.0000       6           
4130144      0.7500       4           
4130153      1.0000       5           
4130226      0.6667       3           
4130227      1.0000       7           
4130228      0.8000       5           
4130235      0.8571       7           
4130236      1.0000       8           
4130242      1.0000       5           
4130243      1.0000       9           
4130264      1.0000       7           
4130276      1.0000       2           
4130278      1.0000       5           
4130283      1.0000       10          
4130286      1.0000       8           
4130292      1.0000       13          
4130293      1.0000       11          
4130310      1.0000       7           
4130311      1.0000       6           
4130338      1.0000       3           
4130340      1.0000       9           
4130343      0.8750       8           
4130533      0.6250       8           
4130631      1.0000       4           
4130707      1.0000       6           
4130795      1.0000       5           
4130914      1.0000       7           
4130922      0.8333       6           
4130927      1.0000       12          
4130943      0.8571       14          
4130950      0.5000       6           
4130957      1.0000       4           
4130960      1.0000       6           
4130966      1.0000       4           
4130967      1.0000       3           
4131051      1.0000       8           
4131066      1.0000       3           
4131315      0.5000       2           
4131324      1.0000       10          
4131327      0.8571       7           
4131328      1.0000       9           
4131329      1.0000       10          
4131341      1.0000       4           
4131343      0.6250       8           
4131399      1.0000       4           
4131474      1.0000       6           
4131509      1.0000       6           
4131575      1.0000       9           
4131585      1.0000       2           
4131587      1.0000       3           
4131594      1.0000       6           
4131595      0.6667       6           
4131604      1.0000       11          
4131609      0.8462       13          
4131613      0.8571       7           
4131617      0.7500       12          
4131619      1.0000       3           
4131652      1.0000       6           
4131653      0.5000       8           
4131654      1.0000       10          
4131657      1.0000       9           
4131661      1.0000       7           
4131665      0.6667       3           
4131668      1.0000       8           
4131669      0.6667       9           
4131670      0.5000       4           
4131680      0.7500       4           
4131944      1.0000       2           
4131958      1.0000       7           
4131960      1.0000       2           
4132001      1.0000       4           
4132112      1.0000       6           
4132114      1.0000       6           
4132132      1.0000       8           
4132285      1.0000       11          
4132378      1.0000       2           
4132435      1.0000       10          
4132436      1.0000       8           
4132447      0.7143       7           
4132449      1.0000       6           
4132454      0.7500       8           
4132480      0.7500       8           
4132590      0.8750       8           
4132716      1.0000       5           
4132764      1.0000       4           
4132769      1.0000       7           
4132771      1.0000       8           
4132773      1.0000       6           
4132794      1.0000       7           
4132838      1.0000       2           
4133044      1.0000       6           
4133062      1.0000       5           
4133063      0.8333       6           
4133071      0.5714       7           
4133077      1.0000       3           
4133089      0.6000       5           
4133090      1.0000       29          
4133125      0.8000       5           
4133158      0.7500       8           
4133185      0.7500       4           
4133355      1.0000       3           
4133592      1.0000       11          
4133675      1.0000       3           
4133680      1.0000       14          
4133681      1.0000       6           
4133682      1.0000       10          
4133685      1.0000       2           
4133686      1.0000       6           
4133688      0.5714       7           
4133691      1.0000       4           
4133694      0.8000       10          
4133696      0.8000       5           
4133707      0.6667       9           
4133715      0.6000       5           
4133718      1.0000       2           
4133745      1.0000       11          
4133747      0.5000       2           
4133748      0.5714       7           
4133750      0.4000       5           
4133751      0.8000       5           
4133771      1.0000       15          
4133775      1.0000       2           
4133778      1.0000       4           
4133779      1.0000       6           
4133780      0.8000       5           
4133781      1.0000       5           
4133784      1.0000       12          
4133795      1.0000       5           
4133807      1.0000       8           
4133813      0.6000       5           
4133819      0.8000       5           
4133820      0.3333       6           
4133835      1.0000       7           
4133846      1.0000       7           
4133849      1.0000       8           
4134053      1.0000       7           
4134091      1.0000       4           
4134114      1.0000       13          
4134134      1.0000       9           
4134138      1.0000       10          
4134297      0.5000       2           
4134302      1.0000       8           
4134310      0.7143       7           
4134484      1.0000       3           
4134511      1.0000       3           
4134582      0.8571       7           
4134636      1.0000       5           
4134637      1.0000       9           
4134638      1.0000       5           
4134655      0.7500       4           
4134852      1.0000       4           
4134892      1.0000       6           
4134972      1.0000       3           
4135107      0.5000       4           
4135123      1.0000       8           
4135135      1.0000       5           
4135137      1.0000       7           
4135138      1.0000       10          
4135140      1.0000       7           
4135166      1.0000       7           
4135170      0.8000       5           
4135262      1.0000       5           
4135335      1.0000       5           
4135380      1.0000       2           
4135407      1.0000       2           
4135425      1.0000       4           
4135627      1.0000       9           
4135777      1.0000       7           
4135802      1.0000       2           
4135804      0.4000       5           
4135806      0.6667       6           
4135807      1.0000       7           
4135829      1.0000       7           
4135831      1.0000       5           
4135842      1.0000       6           
4135846      1.0000       2           
4135857      1.0000       2           
4135966      0.6875       16          
4136153      1.0000       2           
4136161      1.0000       7           
4136218      1.0000       10          
4136220      1.0000       8           
4136233      1.0000       8           
4136475      0.8571       7           
4136476      1.0000       8           
4136480      0.8000       10          
4136495      1.0000       7           
4136565      0.5000       2           
4136637      0.6667       3           
4136776      1.0000       10          
4136778      1.0000       7           
4136779      1.0000       12          
4136788      1.0000       5           
4136790      1.0000       9           
4136792      1.0000       7           
4136820      0.7500       4           
4136822      1.0000       9           
4136864      1.0000       3           
4136939      0.6000       5           
4136965      1.0000       10          
4136969      1.0000       18          
4136973      1.0000       10          
4136974      0.5000       2           
4136984      1.0000       6           
4137050      1.0000       17          
4137061      0.8571       7           
4137063      0.5000       8           
4137064      1.0000       2           
4137065      1.0000       6           
4137066      1.0000       5           
4137077      1.0000       6           
4137261      1.0000       9           
4137276      1.0000       5           
4137277      1.0000       7           
4137283      0.8000       5           
4137284      1.0000       5           
4137289      1.0000       14          
4137299      1.0000       7           
4137311      1.0000       7           
4137344      1.0000       2           
4137353      0.6000       5           
4137408      1.0000       4           
4137419      1.0000       3           
4137440      1.0000       5           
4137454      1.0000       3           
4137635      0.6667       6           
4137710      1.0000       8           
4137735      0.5000       4           
4137877      1.0000       12          
4138018      1.0000       4           
4138055      0.7500       4           
4138057      0.6000       5           
4138064      0.8750       8           
4138065      0.9091       11          
4138095      0.5455       11          
4138251      0.6667       3           
4138252      0.4000       5           
4138255      1.0000       6           
4138341      0.5000       10          
4138410      1.0000       2           
4138518      1.0000       4           
4138519      0.7143       7           
4138520      1.0000       7           
4138521      1.0000       7           
4138525      1.0000       7           
4138538      0.6250       8           
4138539      1.0000       4           
4138540      1.0000       6           
4138546      1.0000       7           
4138550      1.0000       8           
4138561      0.7143       7           
4138571      1.0000       10          
4138572      0.5000       6           
4138579      0.6000       5           
4138594      0.6667       9           
4138602      1.0000       2           
4138606      0.6000       5           
4138607      1.0000       6           
4138608      0.6250       8           
4138611      0.7500       4           
4138637      0.6667       3           
4138644      1.0000       8           
4138650      1.0000       14          
4138652      0.9000       10          
4138656      1.0000       7           
4138658      1.0000       8           
4138659      0.8333       6           
4138681      1.0000       2           
4138688      1.0000       4           
4138689      1.0000       7           
4138691      0.5000       8           
4138692      0.7778       9           
4138704      1.0000       8           
4138705      1.0000       5           
4138706      1.0000       8           
4138709      1.0000       2           
4138713      0.3750       8           
4138754      1.0000       2           
4138760      1.0000       5           
4138761      0.6000       5           
4138777      0.5000       6           
4138779      0.5000       12          
4138855      1.0000       2           
4138954      1.0000       8           
4139062      1.0000       6           
4139078      1.0000       3           
4139115      0.5000       2           
4139142      1.0000       11          
4139147      1.0000       2           
4139177      1.0000       2           
4139223      1.0000       3           
4139224      0.8000       10          
4139342      0.5000       2           
4139439      1.0000       2           
4139539      1.0000       5           
4139544      0.8000       5           
4139546      1.0000       3           
4139665      1.0000       4           
4139668      1.0000       2           
4139790      1.0000       2           
4139807      0.8333       6           
4139819      1.0000       11          
4139821      1.0000       7           
4139970      1.0000       6           
4139980      1.0000       11          
4139982      1.0000       4           
4139984      0.8889       9           
4139989      0.5000       8           
4140116      0.5000       2           
4140127      1.0000       2           
4140221      1.0000       7           
4140234      1.0000       4           
4140239      0.5556       9           
4140247      0.6250       8           
4140286      1.0000       3           
4140291      1.0000       12          
4140323      1.0000       4           
4140382      1.0000       5           
4140396      1.0000       2           
4140490      1.0000       3           
4140517      1.0000       2           
4140521      0.4286       7           
4140561      1.0000       3           
4140563      0.6667       3           
4140566      0.5000       6           
4140581      1.0000       13          
4140588      1.0000       11          
4140590      1.0000       9           
4140591      1.0000       9           
4140760      1.0000       9           
4140897      1.0000       13          
4140947      1.0000       8           
4140959      1.0000       7           
4140961      0.7143       7           
4140967      0.6000       5           
4140968      0.8182       11          
4140975      1.0000       2           
4140976      1.0000       2           
4140987      1.0000       5           
4140988      1.0000       4           
4140992      0.5556       9           
4141206      1.0000       5           
4141278      0.6000       5           
4141288      1.0000       7           
4141290      1.0000       8           
4141294      1.0000       7           
4141298      0.5000       6           
4141314      1.0000       11          
4141325      0.5833       12          
4141327      1.0000       2           
4141331      1.0000       4           
4141335      1.0000       9           
4141342      1.0000       8           
4141365      1.0000       2           
4141451      1.0000       6           
4141481      0.5714       7           
4141525      1.0000       2           
4141670      1.0000       3           
4141695      0.7500       4           
4141869      0.8571       7           
4141881      1.0000       7           
4141884      0.8000       5           
4141893      0.8333       6           
4141895      0.6364       11          
4141900      1.0000       5           
4141904      1.0000       6           
4141909      1.0000       6           
4141915      0.8750       8           
4141916      1.0000       4           
4141918      1.0000       7           
4141929      1.0000       10          
4141934      1.0000       8           
4141935      0.9545       22          
4141939      1.0000       6           
4141962      0.4286       7           
4142228      0.7500       4           
4142258      0.6667       9           
4142266      1.0000       6           
4142312      1.0000       7           
4142420      0.6667       3           
4142421      0.6667       3           
4142472      1.0000       5           
4142475      0.8000       10          
4142476      1.0000       4           
4142571      1.0000       3           
4142587      0.7143       7           
4142641      0.8333       6           
4142723      1.0000       6           
4142729      0.8889       9           
4142741      0.6667       3           
4142742      1.0000       5           
4142744      1.0000       4           
4142745      0.7000       10          
4142749      0.6000       5           
4142751      0.5556       9           
4142754      0.8333       6           
4142759      0.5000       6           
4142766      1.0000       6           
4142767      1.0000       6           
4142773      1.0000       4           
4142775      1.0000       7           
4142784      1.0000       5           
4142786      1.0000       8           
4142788      1.0000       6           
4142789      1.0000       5           
4142790      0.8000       5           
4142831      1.0000       2           
4142970      1.0000       6           
4142971      0.5000       4           
4143100      0.7273       11          
4143107      0.7143       7           
4143223      1.0000       4           
4143298      1.0000       4           
4143307      1.0000       2           
4143416      0.6154       13          
4143429      1.0000       11          
4143431      0.7000       10          
4143433      1.0000       2           
4143450      0.6000       5           
4143463      0.8750       8           
4143464      0.8000       5           
4143472      1.0000       3           
4143476      1.0000       5           
4143481      1.0000       2           
4143490      1.0000       8           
4143491      0.8000       10          
4143492      0.8000       5           
4143517      1.0000       7           
4143519      1.0000       9           
4143520      0.5556       9           
4143521      1.0000       5           
4143525      1.0000       5           
4143528      1.0000       8           
4143539      1.0000       7           
4143541      1.0000       13          
4143574      1.0000       2           
4143578      1.0000       4           
4143646      1.0000       2           
4143729      0.8333       6           
4143775      1.0000       3           
4143803      1.0000       2           
4143804      1.0000       2           
4143831      1.0000       10          
4143932      1.0000       9           
4144031      1.0000       8           
4144063      1.0000       7           
4144132      1.0000       6           
4144242      1.0000       13          
4144292      1.0000       8           
4144298      1.0000       10          
4144309      0.8000       5           
4144310      1.0000       5           
4144311      0.6667       3           
4144337      0.5000       4           
4144338      1.0000       4           
4144340      1.0000       2           
4144341      1.0000       8           
4144351      0.5000       8           
4144352      0.5000       8           
4144355      0.7500       4           
4144358      1.0000       5           
4144359      1.0000       5           
4144360      0.5714       7           
4144361      1.0000       7           
4144363      1.0000       2           
4144372      1.0000       2           
4144408      1.0000       2           
4144499      1.0000       2           
4144620      1.0000       8           
4144622      1.0000       2           
4144728      1.0000       7           
4144738      0.8000       5           
4144777      1.0000       5           
4144821      0.5000       2           
4144863      1.0000       8           
4144864      1.0000       14          
4144865      1.0000       2           
4144869      0.6875       16          
4144870      0.3750       8           
4144871      1.0000       6           
4144882      1.0000       17          
4144908      1.0000       11          
4144910      1.0000       7           
4144911      1.0000       8           
4144913      1.0000       7           
4144915      0.5000       6           
4144916      1.0000       4           
4144926      1.0000       8           
4144936      0.6000       5           
4144938      0.7143       14          
4144943      1.0000       11          
4144946      1.0000       5           
4144954      0.6667       6           
4144971      0.6667       3           
4144991      0.5714       7           
4145014      0.6250       8           
4145015      1.0000       6           
4145147      1.0000       2           
4145210      1.0000       6           
4145382      0.5000       6           
4145398      1.0000       4           
4145406      1.0000       6           
4145409      1.0000       8           
4145514      0.8333       6           
4145517      0.7500       4           
4145560      1.0000       2           
4145599      0.4000       5           
4145618      1.0000       11          
4145629      1.0000       5           
4145634      0.6000       5           
4145662      0.4444       9           
4145666      0.8000       10          
4145668      1.0000       15          
4145675      1.0000       6           
4145691      0.5000       10          
4145694      0.8571       7           
4145696      1.0000       12          
4145713      1.0000       5           
4145965      1.0000       6           
4145966      0.8000       5           
4146168      1.0000       3           
4146170      1.0000       9           
4146187      1.0000       2           
4146496      0.6667       3           
4146565      0.8333       6           
4146566      1.0000       5           
4146572      0.5000       6           
4146599      1.0000       7           
4146605      1.0000       7           
4146607      1.0000       5           
4146635      0.6250       8           
4146637      0.5455       11          
4146801      1.0000       4           
4146819      0.7500       4           
4146858      1.0000       17          
4146871      1.0000       4           
4146933      0.9091       11          
4146966      1.0000       9           
4147038      1.0000       7           
4147040      1.0000       7           
4147042      1.0000       4           
4147049      1.0000       3           
4147166      1.0000       11          
4147171      0.5714       7           
4147172      1.0000       4           
4147217      1.0000       2           
4147229      1.0000       12          
4147232      1.0000       2           
4147236      0.7500       4           
4147237      0.4286       7           
4147244      1.0000       7           
4147263      0.8000       5           
4147264      0.8571       7           
4147365      1.0000       2           
4147499      1.0000       7           
4147514      1.0000       2           
4147677      1.0000       4           
4147702      1.0000       2           
4147726      0.8000       5           
4147869      0.5714       7           
4147870      0.5000       4           
4147895      1.0000       4           
4147990      1.0000       3           
4148011      1.0000       3           
4148012      1.0000       8           
4148211      1.0000       11          
4148219      0.8000       5           
4148221      1.0000       8           
4148223      1.0000       14          
4148237      1.0000       6           
4148252      0.8571       7           
4148255      1.0000       12          
4148256      1.0000       8           
4148258      1.0000       14          
4148260      0.5000       6           
4148263      1.0000       7           
4148264      0.6000       5           
4148270      0.7143       7           
4148282      1.0000       4           
4148285      0.7500       8           
4148287      1.0000       4           
4148292      0.7143       7           
4148295      0.5000       8           
4148307      1.0000       7           
4148311      1.0000       2           
4148340      0.7500       4           
4148347      1.0000       7           
4148366      1.0000       2           
4148367      0.8000       5           
4148369      0.8000       5           
4148372      1.0000       5           
4148373      0.6000       5           
4148384      0.8182       11          
4148385      1.0000       7           
4148401      1.0000       11          
4148403      1.0000       5           
4148406      1.0000       9           
4148407      1.0000       8           
4148408      1.0000       2           
4148409      1.0000       5           
4148411      1.0000       12          
4148412      0.8000       10          
4148415      1.0000       2           
4148430      1.0000       4           
4148456      0.6667       3           
4148459      1.0000       5           
4148461      0.7143       7           
4148467      1.0000       9           
4148471      0.4000       5           
4148489      0.8000       10          
4148658      0.8571       7           
4148783      1.0000       11          
4149108      0.6667       3           
4149225      1.0000       3           
4149387      1.0000       2           
4149388      0.8462       13          
4149392      1.0000       2           
4149402      1.0000       2           
4149403      1.0000       14          
4149419      1.0000       2           
4149477      1.0000       3           
4149499      1.0000       2           
4149596      0.4167       12          
4149600      1.0000       8           
4149618      1.0000       7           
4149619      0.5556       9           
4149621      0.5000       14          
4149639      1.0000       7           
4149643      1.0000       5           
4149651      1.0000       8           
4149652      1.0000       18          
4149653      1.0000       2           
4149654      0.6250       8           
4149655      1.0000       8           
4149656      1.0000       6           
4149657      1.0000       9           
4149658      1.0000       7           
4149675      1.0000       7           
4149698      1.0000       9           
4149702      0.5714       7           
4149703      1.0000       7           
4149723      1.0000       2           
4149732      1.0000       8           
4149736      1.0000       4           
4149774      1.0000       10          
4149776      1.0000       9           
4149902      1.0000       7           
4150026      1.0000       4           
4150252      1.0000       8           
4150259      1.0000       4           
4150287      1.0000       2           
4150292      1.0000       4           
4150300      0.7778       9           
4150368      1.0000       2           
4150371      0.8000       10          
4150386      0.5000       4           
4150458      1.0000       2           
4150539      1.0000       7           
4150596      1.0000       3           
4150626      1.0000       2           
4150760      0.6667       3           
4150771      1.0000       10          
4150777      1.0000       9           
4150778      1.0000       4           
4150779      0.7143       7           
4150782      0.8333       12          
4150783      1.0000       13          
4150786      0.6000       10          
4150789      1.0000       2           
4150790      1.0000       7           
4150791      0.7143       7           
4150792      1.0000       9           
4150810      1.0000       6           
4150812      0.5714       7           
4150817      1.0000       2           
4150836      1.0000       15          
4150837      1.0000       12          
4150838      1.0000       8           
4150843      0.6000       5           
4150848      1.0000       12          
4150855      1.0000       3           
4150858      0.5000       8           
4150879      1.0000       7           
4150898      1.0000       12          
4150910      1.0000       6           
4151049      1.0000       24          
4151090      1.0000       7           
4151170      0.7500       4           
4151182      1.0000       2           
4151241      1.0000       11          
4151259      1.0000       8           
4151276      1.0000       4           
4151277      1.0000       7           
4151278      1.0000       4           
4151279      1.0000       9           
4151281      0.7778       9           
4151284      0.5714       7           
4151286      0.6000       5           
4151287      0.7143       7           
4151288      0.6667       3           
4151294      1.0000       5           
4151323      1.0000       6           
4151324      0.9091       11          
4151336      0.8462       13          
4151494      1.0000       14          
4151504      1.0000       2           
4151616      0.6000       5           
4151618      1.0000       12          
4151703      1.0000       12          
4151704      1.0000       9           
4151708      1.0000       7           
4151716      1.0000       7           
4151722      1.0000       2           
4151732      0.7143       7           
4151775      1.0000       8           
4151816      1.0000       6           
4151823      0.6250       8           
4151827      1.0000       5           
4151846      1.0000       6           
4151852      0.5833       12          
4151865      1.0000       13          
4152020      0.5556       9           
4152021      1.0000       5           
4152022      0.7143       7           
4152023      0.8571       7           
4152039      0.4000       5           
4152040      1.0000       2           
4152041      1.0000       3           
4152044      1.0000       3           
4152046      1.0000       4           
4152047      0.8889       9           
4152067      0.6667       9           
4152068      0.6667       6           
4152070      1.0000       6           
4152110      0.5000       2           
4152116      1.0000       5           
4152134      1.0000       9           
4152136      1.0000       9           
4152138      1.0000       12          
4152139      1.0000       8           
4152142      1.0000       6           
4152143      1.0000       9           
4152144      1.0000       7           
4152145      0.8571       7           
4152173      1.0000       7           
4152225      1.0000       2           
4152226      1.0000       6           
4152349      0.3333       3           
4152418      1.0000       8           
4152422      0.7143       7           
4152423      0.8333       6           
4152598      1.0000       3           
4152681      0.5000       8           
4152698      0.7000       10          
4152714      1.0000       2           
4152727      1.0000       2           
4152732      0.7273       11          
4152733      1.0000       7           
4152799      1.0000       3           
4152820      0.6667       3           
4152876      0.5714       7           
4152878      1.0000       7           
4152947      1.0000       7           
4152948      1.0000       7           
4152956      1.0000       4           
4152958      1.0000       12          
4152964      1.0000       6           
4152982      0.6667       9           
4152998      0.8571       7           
4153000      0.7500       4           
4153131      1.0000       2           
4153141      1.0000       2           
4153255      0.5000       2           
4153388      1.0000       9           
4153390      1.0000       3           
4153394      1.0000       7           
4153407      1.0000       11          
4153420      1.0000       2           
4153442      0.6923       13          
4153444      1.0000       7           
4153486      0.6000       5           
4153495      1.0000       5           
4153497      0.7500       8           
4153523      1.0000       7           
4153531      1.0000       5           
4153572      1.0000       8           
4153573      0.5000       4           
4153733      1.0000       9           
4153934      1.0000       2           
4153949      1.0000       2           
4154095      1.0000       7           
4154121      1.0000       3           
4154210      1.0000       3           
4154263      1.0000       8           
4154274      0.6154       13          
4154319      1.0000       7           
4154322      1.0000       14          
4154324      1.0000       9           
4154325      0.8571       7           
4154327      1.0000       4           
4154329      0.8000       5           
4154330      1.0000       7           
4154331      1.0000       4           
4154359      1.0000       6           
4154391      1.0000       11          
4154393      0.4000       5           
4154396      1.0000       8           
4154403      1.0000       5           
4154415      1.0000       5           
4154503      1.0000       2           
4154504      1.0000       2           
4154552      0.7143       7           
4154553      1.0000       2           
4154575      1.0000       2           
4154780      0.8889       9           
4155125      1.0000       5           
4155156      1.0000       7           
4155239      1.0000       10          
4155240      0.6667       3           
4155263      1.0000       3           
4155273      1.0000       11          
4155275      1.0000       7           
4155286      1.0000       5           
4155287      1.0000       7           
4155289      1.0000       2           
4155290      1.0000       6           
4155299      1.0000       7           
4155302      0.6667       3           
4155314      1.0000       9           
4155317      0.8750       8           
4155336      1.0000       12          
4155374      1.0000       2           
4155375      1.0000       2           
4155431      1.0000       5           
4155432      1.0000       3           
4155492      1.0000       2           
4155561      1.0000       3           
4155599      1.0000       2           
4155620      1.0000       2           
4155625      1.0000       10          
4155629      1.0000       6           
4155717      1.0000       8           
4155743      0.5556       9           
4155744      0.7778       9           
4155746      0.6667       12          
4155747      0.5000       6           
4155748      1.0000       9           
4155751      0.6250       8           
4155779      0.6000       5           
4155780      1.0000       8           
4155783      0.8333       6           
4155785      1.0000       5           
4155786      1.0000       10          
4155788      1.0000       9           
4155791      1.0000       5           
4155800      0.5455       11          
4155809      1.0000       8           
4155828      1.0000       11          
4155852      0.6667       6           
4155853      0.7273       11          
4155854      1.0000       3           
4155866      1.0000       4           
4155875      1.0000       6           
4155893      1.0000       7           
4155901      0.7692       13          
4155905      0.5714       7           
4155906      0.6000       5           
4156019      0.5000       4           
4156028      1.0000       4           
4156029      1.0000       5           
4156077      1.0000       2           
4156130      1.0000       6           
4156288      0.5000       2           
4156371      1.0000       12          
4156372      1.0000       5           
4156376      1.0000       6           
4156392      1.0000       4           
4156397      1.0000       6           
4156414      1.0000       9           
4156417      0.8889       9           
4156419      1.0000       3           
4156423      1.0000       8           
4156424      1.0000       8           
4156432      1.0000       16          
4156514      1.0000       4           
4156617      0.3333       12          
4156631      1.0000       9           
4156632      1.0000       9           
4156637      0.7500       8           
4156642      0.8000       5           
4156643      0.8000       5           
4156645      1.0000       7           
4156660      1.0000       3           
4156697      0.7143       7           
4156802      1.0000       13          
4156820      0.7500       4           
4156906      1.0000       2           
4156912      1.0000       5           
4156921      1.0000       4           
4156922      0.8000       5           
4156930      0.6000       5           
4156946      0.9091       11          
4156948      1.0000       7           
4156950      1.0000       3           
4156952      1.0000       7           
4157058      0.7500       4           
4157072      1.0000       3           
4157130      0.5000       2           
4157139      0.6667       6           
4157142      1.0000       5           
4157144      0.7778       9           
4157147      1.0000       11          
4157158      1.0000       6           
4157161      1.0000       5           
4157162      1.0000       8           
4157183      0.5000       4           
4157225      0.5000       4           
4157232      0.5714       7           
4157236      0.5714       7           
4157239      0.8750       8           
4157243      0.4000       5           
4157244      1.0000       22          
4157246      1.0000       4           
4157261      1.0000       10          
4157262      1.0000       9           
4157263      0.5000       4           
4157276      1.0000       8           
4157279      1.0000       8           
4157281      1.0000       11          
4157284      1.0000       11          
4157286      1.0000       5           
4157288      1.0000       6           
4157289      1.0000       13          
4157322      1.0000       5           
4157327      1.0000       3           
4157328      0.5000       8           
4157498      1.0000       3           
4157550      1.0000       7           
4157554      1.0000       2           
4157768      0.8000       10          
4157785      0.5000       4           
4157811      1.0000       5           
4157883      0.7500       4           
4157888      1.0000       6           
4157940      0.9231       13          
4158286      0.6364       11          
4158296      1.0000       5           
4158310      1.0000       7           
4158313      0.7500       4           
4158319      1.0000       12          
4158320      1.0000       8           
4158322      0.8750       8           
4158327      1.0000       4           
4158328      1.0000       6           
4158329      1.0000       5           
4158332      1.0000       6           
4158333      1.0000       5           
4158334      1.0000       5           
4158335      1.0000       9           
4158336      0.7143       7           
4158350      1.0000       6           
4158351      1.0000       8           
4158356      1.0000       9           
4158357      1.0000       6           
4158358      0.6667       6           
4158387      0.5714       7           
4158399      0.6667       3           
4158403      1.0000       5           
4158404      1.0000       7           
4158412      0.6667       3           
4158414      0.8000       5           
4158417      0.6667       9           
4158419      1.0000       7           
4158459      1.0000       7           
4158549      1.0000       3           
4158550      0.7143       7           
4158566      1.0000       5           
4158567      1.0000       8           
4158624      1.0000       5           
4158693      1.0000       4           
4158722      1.0000       2           
4158733      0.6316       19          
4158854      1.0000       4           
4158901      1.0000       8           
4159186      1.0000       7           
4159292      0.9091       11          
4159294      1.0000       3           
4159305      1.0000       15          
4159307      1.0000       4           
4159308      1.0000       2           
4159313      1.0000       12          
4159314      0.6667       3           
4159317      1.0000       4           
4159331      1.0000       7           
4159335      1.0000       12          
4159345      1.0000       3           
4159395      1.0000       3           
4159483      1.0000       8           
4159487      1.0000       2           
4159590      1.0000       5           
4159760      1.0000       6           
4159778      1.0000       3           
4159789      1.0000       4           
4159800      1.0000       5           
4159822      0.5000       6           
4159849      1.0000       7           
4159879      1.0000       8           
4159880      0.5000       2           
4159881      1.0000       6           
4159882      1.0000       4           
4159895      0.4286       7           
4160057      0.5000       2           
4160081      1.0000       5           
4160082      1.0000       10          
4160103      1.0000       11          
4160106      1.0000       10          
4160127      1.0000       10          
4160137      1.0000       8           
4160200      1.0000       3           
4160217      1.0000       6           
4160222      1.0000       3           
4160223      1.0000       10          
4160467      0.8571       7           
4160469      0.5000       2           
4160473      1.0000       3           
4160580      0.8000       5           
4160581      0.7500       4           
4160582      1.0000       5           
4160592      1.0000       7           
4160593      0.8571       7           
4160594      1.0000       6           
4160620      0.6000       5           
4160755      1.0000       2           
4161043      0.5000       2           
4161073      1.0000       3           
4161139      1.0000       7           
4161141      1.0000       3           
4161144      1.0000       7           
4161150      1.0000       8           
4161155      0.8571       7           
4161220      1.0000       3           
4161269      1.0000       3           
4161278      1.0000       6           
4161296      1.0000       2           
4161299      1.0000       9           
4161300      1.0000       7           
4161301      1.0000       8           
4161303      1.0000       14          
4161331      0.8000       5           
4161332      1.0000       6           
4161334      1.0000       8           
4161335      0.6364       11          
4161336      0.8000       5           
4161338      0.5455       11          
4161340      0.6667       15          
4161341      1.0000       5           
4161344      1.0000       9           
4161345      1.0000       2           
4161347      1.0000       3           
4161358      1.0000       2           
4161359      0.6500       20          
4161370      1.0000       5           
4161376      1.0000       3           
4161383      1.0000       20          
4161409      1.0000       5           
4161412      1.0000       9           
4161424      1.0000       12          
4161429      0.6000       5           
4161461      1.0000       11          
4161465      1.0000       2           
4161466      1.0000       2           
4161467      1.0000       7           
4161474      0.6000       10          
4161665      0.6000       10          
4161678      1.0000       2           
4161946      0.6000       10          
4161951      1.0000       9           
4161973      1.0000       2           
4161975      1.0000       14          
4162178      1.0000       13          
4162179      0.6000       10          
4162185      0.6250       8           
4162189      1.0000       8           
