Event 7 Statistics:
Number of clusters: 1702
Average connectivity: 0.8936
Average track length: 6.38
Noise contamination: 128499 noise points, 10865 signal points
Signal-to-noise ratio: 0.08
Average noise ratio: 0.6569

Detailed Cluster Metrics:
Cluster ID   Connectivity Track Length
----------------------------------------
7000002      1.0000       10          
7000003      1.0000       4           
7000010      0.5000       6           
7000011      1.0000       7           
7000012      1.0000       9           
7000021      1.0000       4           
7000025      1.0000       7           
7000026      1.0000       4           
7000027      1.0000       5           
7000028      1.0000       5           
7000032      1.0000       8           
7000033      1.0000       8           
7000037      1.0000       5           
7000038      0.9500       20          
7000042      1.0000       2           
7000043      0.5000       2           
7000044      0.8571       7           
7000045      0.6000       5           
7000060      1.0000       6           
7000061      1.0000       2           
7000069      1.0000       6           
7000070      1.0000       6           
7000079      1.0000       4           
7000080      1.0000       2           
7000084      1.0000       7           
7000085      1.0000       13          
7000086      1.0000       5           
7000089      1.0000       8           
7000092      1.0000       6           
7000094      0.5714       7           
7000095      0.8571       7           
7000097      1.0000       6           
7000098      1.0000       4           
7000101      1.0000       4           
7000107      1.0000       12          
7000112      1.0000       9           
7000116      1.0000       5           
7000118      1.0000       5           
7000123      0.5000       6           
7000124      1.0000       2           
7000125      1.0000       5           
7000127      0.5000       6           
7000128      1.0000       6           
7000129      1.0000       6           
7000130      1.0000       9           
7000132      0.5714       7           
7000133      1.0000       7           
7000134      0.8000       5           
7000137      0.5714       7           
7000138      0.8000       15          
7000147      0.8333       6           
7000148      1.0000       20          
7000151      1.0000       7           
7000162      1.0000       5           
7000163      0.8000       5           
7000172      1.0000       2           
7000174      1.0000       2           
7000176      1.0000       3           
7000177      1.0000       8           
7000182      1.0000       11          
7000199      1.0000       6           
7000206      1.0000       8           
7000213      0.4000       10          
7000214      0.8571       7           
7000219      1.0000       9           
7000220      1.0000       5           
7000243      1.0000       6           
7000244      1.0000       7           
7000251      1.0000       2           
7000252      1.0000       6           
7000253      0.3750       8           
7000254      1.0000       5           
7000255      1.0000       8           
7000259      1.0000       7           
7000262      1.0000       5           
7000264      1.0000       9           
7000267      1.0000       7           
7000268      1.0000       4           
7000274      0.5000       2           
7000279      1.0000       7           
7000280      1.0000       7           
7000285      1.0000       10          
7000289      1.0000       5           
7000291      1.0000       4           
7000296      0.5789       19          
7000306      0.6667       6           
7000333      0.7500       4           
7000405      0.8000       5           
7000448      1.0000       5           
7000450      1.0000       3           
7000451      1.0000       2           
7000461      0.6667       3           
7000462      1.0000       3           
7000570      1.0000       4           
7000680      1.0000       4           
7000688      1.0000       6           
7000689      0.6667       6           
7000724      1.0000       2           
7000812      0.4000       5           
7000813      1.0000       8           
7000829      0.6667       3           
7000904      1.0000       4           
7000962      1.0000       3           
7000978      0.2857       7           
7000979      0.5000       6           
7000981      0.4286       7           
7000982      1.0000       5           
7001034      1.0000       11          
7001035      0.8750       8           
7001041      1.0000       2           
7001043      1.0000       2           
7001065      0.5000       4           
7001066      1.0000       6           
7001141      1.0000       2           
7001156      1.0000       3           
7001172      1.0000       4           
7001179      0.7500       8           
7001187      1.0000       7           
7083432      1.0000       2           
7096765      0.5000       2           
7100380      0.5000       2           
7101649      1.0000       2           
7104963      0.5000       2           
7110100      0.5000       2           
7113356      0.5000       2           
7120451      0.2222       9           
7131518      0.6667       3           
7136692      0.6667       6           
7137519      0.6667       3           
7137637      1.0000       2           
7137763      1.0000       2           
7137765      0.7500       8           
7137767      1.0000       7           
7137792      0.6250       8           
7137793      1.0000       6           
7137794      0.9091       11          
7137797      1.0000       4           
7137809      0.4000       5           
7137815      1.0000       5           
7137831      1.0000       6           
7137851      0.6000       5           
7137853      0.6000       5           
7137858      0.6000       5           
7138130      0.5000       2           
7138301      0.8000       5           
7138302      1.0000       2           
7138318      0.6667       3           
7138322      0.5000       4           
7138331      1.0000       2           
7138333      0.4000       5           
7138364      1.0000       6           
7138365      1.0000       2           
7138420      0.5333       15          
7138427      0.3333       3           
7138480      1.0000       2           
7138504      1.0000       11          
7138507      1.0000       7           
7138508      0.8333       6           
7138511      1.0000       10          
7138517      1.0000       6           
7138520      1.0000       11          
7138534      0.6667       6           
7138535      1.0000       10          
7138559      0.6000       5           
7138562      0.7143       7           
7138563      1.0000       8           
7138575      1.0000       2           
7138605      0.6250       8           
7138613      1.0000       9           
7138614      1.0000       8           
7138615      1.0000       4           
7138619      0.5000       2           
7138620      1.0000       7           
7138631      0.8000       10          
7138646      1.0000       6           
7138653      1.0000       12          
7138682      1.0000       9           
7138758      1.0000       4           
7138878      0.6667       6           
7138902      1.0000       2           
7139126      1.0000       2           
7139165      0.7500       4           
7139166      1.0000       2           
7139188      1.0000       3           
7139257      1.0000       8           
7139330      0.6667       3           
7139537      1.0000       10          
7139580      0.5000       2           
7139586      1.0000       2           
7139656      0.6667       6           
7139658      1.0000       9           
7139676      1.0000       13          
7139688      1.0000       9           
7139690      0.4286       7           
7139691      1.0000       7           
7139693      0.6667       6           
7139694      1.0000       8           
7139696      1.0000       2           
7139701      0.7500       8           
7139724      1.0000       5           
7139725      1.0000       3           
7139729      0.8000       5           
7139730      1.0000       3           
7139743      1.0000       5           
7139773      0.8000       5           
7139776      1.0000       2           
7139907      0.7500       8           
7140011      1.0000       2           
7140028      0.8000       5           
7140097      1.0000       9           
7140102      1.0000       13          
7140116      0.5556       9           
7140119      1.0000       7           
7140135      1.0000       9           
7140140      1.0000       3           
7140142      0.7273       11          
7140143      1.0000       20          
7140145      1.0000       3           
7140151      1.0000       8           
7140152      1.0000       5           
7140153      1.0000       11          
7140154      0.6250       8           
7140155      1.0000       3           
7140157      1.0000       6           
7140158      1.0000       6           
7140160      1.0000       3           
7140162      0.7500       12          
7140164      0.6667       6           
7140165      1.0000       5           
7140169      1.0000       7           
7140181      1.0000       5           
7140182      1.0000       9           
7140184      0.7500       8           
7140185      0.8000       5           
7140195      1.0000       6           
7140200      1.0000       4           
7140215      1.0000       8           
7140221      1.0000       7           
7140235      1.0000       4           
7140253      1.0000       5           
7140263      0.9231       13          
7140270      1.0000       9           
7140272      0.6000       5           
7140273      1.0000       13          
7140274      1.0000       11          
7140275      0.6667       9           
7140277      0.6667       6           
7140281      1.0000       6           
7140289      0.5000       6           
7140291      1.0000       6           
7140292      1.0000       10          
7140310      1.0000       7           
7140344      1.0000       11          
7140348      0.5000       10          
7140349      1.0000       2           
7140351      1.0000       10          
7140352      1.0000       4           
7140355      1.0000       6           
7140357      1.0000       6           
7140360      0.5556       9           
7140364      0.8571       7           
7140365      0.7500       4           
7140533      0.5000       2           
7140609      1.0000       12          
7140611      1.0000       2           
7140698      1.0000       4           
7140763      1.0000       2           
7140776      1.0000       8           
7140826      1.0000       8           
7140939      0.6000       5           
7141010      0.7857       14          
7141014      0.4545       11          
7141035      1.0000       6           
7141183      1.0000       2           
7141228      0.5000       2           
7141273      1.0000       12          
7141276      1.0000       7           
7141278      1.0000       11          
7141410      1.0000       10          
7141411      1.0000       7           
7141412      1.0000       5           
7141420      1.0000       3           
7141421      1.0000       6           
7141429      1.0000       6           
7141491      1.0000       5           
7141517      1.0000       11          
7141534      1.0000       7           
7141538      1.0000       8           
7141542      0.5000       8           
7141543      1.0000       11          
7141544      1.0000       9           
7141577      1.0000       2           
7141578      0.5833       12          
7141810      1.0000       2           
7141852      0.6000       5           
7141867      1.0000       12          
7141878      1.0000       9           
7141879      1.0000       7           
7141890      0.5000       4           
7141891      0.6667       12          
7142025      1.0000       5           
7142026      1.0000       4           
7142036      1.0000       5           
7142037      0.4000       5           
7142053      1.0000       9           
7142054      1.0000       8           
7142055      1.0000       10          
7142075      0.4286       7           
7142077      0.5000       2           
7142078      1.0000       7           
7142079      1.0000       6           
7142081      1.0000       5           
7142084      1.0000       7           
7142086      0.5000       2           
7142109      0.5000       4           
7142114      1.0000       12          
7142128      1.0000       4           
7142142      1.0000       5           
7142149      0.8571       7           
7142161      0.9000       10          
7142162      1.0000       9           
7142163      1.0000       5           
7142198      0.8000       5           
7142218      0.8000       5           
7142234      1.0000       4           
7142244      1.0000       3           
7142567      0.8333       12          
7142581      0.6667       3           
7142704      0.7500       8           
7142810      1.0000       2           
7142811      1.0000       4           
7142814      1.0000       7           
7142818      1.0000       3           
7142826      1.0000       10          
7142833      0.8333       12          
7142842      0.6667       15          
7142843      1.0000       12          
7143031      1.0000       16          
7143035      1.0000       6           
7143048      1.0000       10          
7143050      1.0000       7           
7143054      1.0000       12          
7143057      1.0000       7           
7143060      0.7500       8           
7143061      1.0000       5           
7143062      0.6250       8           
7143077      1.0000       5           
7143079      1.0000       5           
7143080      1.0000       2           
7143081      1.0000       6           
7143107      0.8000       5           
7143108      1.0000       15          
7143116      0.6667       12          
7143117      1.0000       11          
7143118      0.5455       11          
7143119      0.8462       13          
7143120      0.8333       6           
7143126      1.0000       10          
7143137      1.0000       3           
7143156      0.7500       4           
7143159      1.0000       13          
7143160      0.6667       6           
7143178      1.0000       9           
7143367      1.0000       8           
7143372      1.0000       4           
7143375      1.0000       2           
7143505      1.0000       3           
7143617      1.0000       7           
7143693      1.0000       6           
7143758      0.7778       9           
7143919      0.5714       7           
7143936      0.6667       3           
7143972      1.0000       3           
7143973      0.5000       6           
7143990      1.0000       2           
7143991      1.0000       3           
7144006      0.8182       11          
7144115      1.0000       9           
7144307      1.0000       9           
7144311      0.5833       12          
7144319      0.6000       5           
7144328      1.0000       10          
7144352      1.0000       5           
7144410      1.0000       7           
7144440      0.6000       5           
7144450      1.0000       6           
7144463      0.5000       12          
7144485      0.6667       6           
7144486      1.0000       6           
7144491      1.0000       6           
7144492      0.6000       5           
7144499      1.0000       7           
7144502      0.6000       5           
7144509      1.0000       6           
7144531      1.0000       8           
7144534      1.0000       7           
7144535      1.0000       5           
7144536      0.5000       12          
7144537      0.9000       10          
7144542      1.0000       2           
7144558      0.6154       13          
7144564      1.0000       6           
7144572      0.6667       3           
7144573      1.0000       11          
7144574      1.0000       10          
7144578      1.0000       7           
7144580      1.0000       8           
7144619      1.0000       4           
7144620      1.0000       2           
7144621      1.0000       8           
7144625      1.0000       9           
7144655      1.0000       3           
7144679      1.0000       6           
7144688      1.0000       2           
7144759      1.0000       2           
7144837      1.0000       3           
7144859      0.5000       2           
7144902      1.0000       5           
7144981      1.0000       7           
7145009      1.0000       7           
7145092      1.0000       2           
7145105      1.0000       11          
7145163      1.0000       3           
7145166      0.5000       2           
7145504      0.6667       6           
7145517      0.5000       2           
7145674      1.0000       3           
7145677      1.0000       3           
7145679      1.0000       2           
7145681      0.5714       7           
7145682      1.0000       4           
7145683      0.6667       6           
7145749      1.0000       4           
7145817      0.5714       7           
7145823      1.0000       9           
7145931      1.0000       7           
7146016      1.0000       6           
7146030      1.0000       13          
7146079      0.8000       5           
7146231      1.0000       2           
7146249      0.7500       8           
7146256      1.0000       4           
7146384      1.0000       2           
7146388      1.0000       3           
7146396      1.0000       19          
7146397      1.0000       5           
7146399      1.0000       10          
7146403      1.0000       2           
7146406      0.8333       12          
7146407      1.0000       7           
7146425      1.0000       7           
7146427      1.0000       3           
7146428      0.8000       5           
7146431      0.3333       6           
7146434      1.0000       16          
7146447      1.0000       9           
7146451      1.0000       6           
7146474      0.5455       11          
7146497      1.0000       8           
7146499      1.0000       9           
7146501      1.0000       4           
7146503      1.0000       10          
7146511      1.0000       5           
7146513      0.7273       11          
7146515      1.0000       8           
7146517      0.5000       6           
7146518      0.4444       9           
7146525      1.0000       5           
7146526      0.5000       10          
7146527      1.0000       3           
7146572      0.6000       5           
7146577      0.5000       4           
7146587      1.0000       5           
7146593      1.0000       2           
7146711      1.0000       7           
7146743      1.0000       4           
7146810      1.0000       12          
7146856      1.0000       8           
7146971      1.0000       2           
7147097      1.0000       2           
7147104      1.0000       3           
7147108      1.0000       2           
7147185      0.4286       7           
7147211      0.7143       7           
7147221      1.0000       6           
7147236      0.7143       7           
7147238      1.0000       10          
7147239      1.0000       9           
7147242      1.0000       18          
7147288      1.0000       2           
7147289      1.0000       9           
7147311      1.0000       7           
7147353      1.0000       12          
7147572      0.6364       11          
7147642      1.0000       2           
7147862      0.6667       6           
7147864      1.0000       6           
7147878      0.5000       2           
7147879      1.0000       8           
7147880      1.0000       4           
7147884      1.0000       10          
7147901      1.0000       18          
7147904      0.6667       6           
7147905      1.0000       3           
7147906      1.0000       4           
7147908      0.8333       6           
7147913      1.0000       10          
7147916      1.0000       2           
7147960      1.0000       6           
7147961      0.5000       8           
7147973      0.7500       4           
7147975      1.0000       3           
7147976      0.8333       6           
7147991      0.5455       11          
7147993      0.5000       4           
7147994      1.0000       4           
7148003      0.8333       6           
7148102      1.0000       4           
7148224      1.0000       6           
7148270      1.0000       14          
7148379      1.0000       4           
7148427      1.0000       3           
7148431      1.0000       2           
7148434      1.0000       4           
7148451      0.6667       6           
7148524      1.0000       4           
7148551      0.5000       2           
7148553      1.0000       2           
7148555      1.0000       2           
7148664      1.0000       7           
7148673      1.0000       8           
7148724      1.0000       13          
7148730      1.0000       2           
7148748      1.0000       5           
7148886      1.0000       3           
7149066      1.0000       3           
7149067      1.0000       2           
7149112      1.0000       5           
7149156      1.0000       11          
7149157      1.0000       11          
7149184      1.0000       7           
7149204      0.3333       3           
7149205      1.0000       13          
7149206      0.6000       5           
7149207      0.7500       4           
7149249      1.0000       2           
7149353      1.0000       3           
7149355      0.7500       4           
7149387      1.0000       4           
7149390      1.0000       7           
7149403      0.8333       6           
7149457      0.5000       6           
7149504      1.0000       3           
7149615      1.0000       7           
7149616      0.2857       7           
7149629      1.0000       12          
7149630      1.0000       5           
7149639      1.0000       6           
7149654      0.6000       5           
7149659      1.0000       5           
7149675      0.8000       5           
7149689      1.0000       4           
7149853      1.0000       3           
7149907      0.5000       8           
7149908      1.0000       6           
7149910      1.0000       7           
7149920      0.2857       7           
7149921      1.0000       19          
7149922      0.8000       5           
7149937      0.4000       5           
7149954      0.6250       8           
7149971      0.5000       10          
7149974      1.0000       5           
7149976      1.0000       5           
7149984      1.0000       8           
7150024      0.8333       6           
7150027      0.4000       5           
7150137      1.0000       3           
7150178      1.0000       2           
7150196      0.5000       2           
7150291      0.6000       5           
7150327      0.6000       5           
7150369      1.0000       6           
7150371      0.6667       3           
7150372      1.0000       3           
7150374      1.0000       6           
7150389      1.0000       2           
7150390      1.0000       5           
7150417      1.0000       3           
7150418      0.5000       4           
7150427      1.0000       7           
7150436      1.0000       4           
7150455      1.0000       4           
7150456      0.5000       6           
7150457      1.0000       4           
7150458      1.0000       8           
7150479      1.0000       2           
7150486      1.0000       5           
7150488      0.2857       7           
7150493      0.8333       12          
7150494      1.0000       6           
7150499      1.0000       8           
7150500      0.8571       7           
7150534      1.0000       15          
7150536      1.0000       9           
7150595      1.0000       2           
7150596      1.0000       2           
7150648      1.0000       7           
7150662      0.7000       10          
7150698      1.0000       3           
7150761      1.0000       2           
7150869      1.0000       2           
7150876      1.0000       13          
7150877      0.7143       7           
7150879      1.0000       5           
7150880      1.0000       2           
7150888      1.0000       2           
7150974      1.0000       3           
7151169      1.0000       4           
7151212      1.0000       8           
7151283      0.6667       3           
7151288      0.5714       7           
7151294      1.0000       2           
7151325      1.0000       7           
7151335      0.8571       7           
7151535      1.0000       8           
7151536      1.0000       8           
7151541      1.0000       10          
7151544      1.0000       2           
7151545      1.0000       9           
7151549      0.7500       8           
7151552      1.0000       7           
7151553      1.0000       4           
7151559      0.6667       3           
7151572      0.5000       8           
7151588      1.0000       11          
7151607      1.0000       12          
7151608      1.0000       6           
7151615      0.6000       10          
7151618      1.0000       5           
7151633      1.0000       7           
7151652      0.7500       8           
7151668      0.6250       8           
7151695      1.0000       2           
7151945      1.0000       8           
7151950      1.0000       9           
7152066      1.0000       2           
7152075      1.0000       3           
7152131      1.0000       6           
7152149      1.0000       9           
7152194      1.0000       3           
7152195      1.0000       5           
7152238      1.0000       2           
7152306      0.8333       6           
7152352      0.5714       7           
7152367      0.4286       7           
7152369      0.6667       9           
7152370      1.0000       3           
7152373      1.0000       2           
7152385      0.6000       5           
7152389      0.7500       8           
7152391      1.0000       5           
7152393      1.0000       7           
7152398      1.0000       7           
7152425      1.0000       2           
7152426      1.0000       2           
7152439      1.0000       6           
7152445      1.0000       3           
7152447      1.0000       6           
7152448      1.0000       6           
7152470      1.0000       5           
7152472      1.0000       9           
7152479      1.0000       2           
7152488      1.0000       8           
7152492      1.0000       5           
7152494      1.0000       10          
7152522      1.0000       5           
7152652      1.0000       2           
7152702      1.0000       2           
7152767      1.0000       3           
7152827      0.6000       5           
7153111      1.0000       2           
7153279      1.0000       21          
7153408      1.0000       4           
7153427      1.0000       4           
7153497      0.6667       3           
7153522      1.0000       2           
7153570      0.9000       10          
7153571      1.0000       3           
7153595      1.0000       6           
7153601      1.0000       9           
7153604      1.0000       6           
7153606      0.7857       14          
7153645      0.6364       11          
7153667      1.0000       2           
7153668      1.0000       4           
7153700      1.0000       8           
7153869      1.0000       2           
7153887      1.0000       6           
7153888      0.8571       7           
7153898      1.0000       5           
7153912      0.7778       9           
7153916      1.0000       8           
7153925      0.8182       11          
7153938      0.4000       5           
7153951      1.0000       2           
7153964      1.0000       5           
7154010      1.0000       4           
7154053      1.0000       2           
7154057      1.0000       2           
7154093      1.0000       5           
7154189      1.0000       3           
7154200      0.7500       4           
7154244      1.0000       5           
7154299      1.0000       9           
7154331      0.8333       12          
7154332      0.8571       7           
7154336      1.0000       5           
7154339      0.7500       4           
7154407      0.8750       8           
7154408      0.5000       6           
7154608      1.0000       2           
7154609      1.0000       11          
7154660      0.5000       2           
7154662      1.0000       2           
7154799      1.0000       5           
7154804      1.0000       4           
7154807      1.0000       5           
7154808      1.0000       5           
7154809      0.4286       7           
7154811      1.0000       7           
7154812      0.7273       11          
7154829      1.0000       7           
7154830      1.0000       4           
7154831      1.0000       5           
7154841      1.0000       10          
7154861      1.0000       6           
7154862      0.8333       12          
7154865      0.6000       5           
7154866      0.7500       4           
7154868      0.6000       5           
7154869      1.0000       9           
7154873      1.0000       3           
7154892      1.0000       6           
7154898      0.6000       10          
7154903      1.0000       4           
7154906      1.0000       5           
7154909      1.0000       6           
7154959      0.8333       6           
7154961      0.6667       6           
7154963      1.0000       5           
7154964      1.0000       8           
7154966      1.0000       7           
7154967      1.0000       14          
7154968      1.0000       6           
7154972      1.0000       5           
7154974      1.0000       6           
7154975      1.0000       4           
7154977      0.6667       9           
7154978      1.0000       12          
7154979      0.5000       6           
7154981      1.0000       9           
7154985      1.0000       13          
7155021      1.0000       7           
7155030      1.0000       6           
7155061      1.0000       11          
7155141      1.0000       2           
7155179      0.4000       5           
7155526      1.0000       2           
7155565      1.0000       3           
7155583      1.0000       2           
7155584      1.0000       2           
7155609      1.0000       2           
7155625      0.3750       8           
7155680      1.0000       3           
7155705      1.0000       6           
7155720      0.6000       5           
7155722      1.0000       6           
7155753      0.8571       7           
7155756      1.0000       16          
7155758      0.7000       10          
7155768      1.0000       5           
7156109      1.0000       11          
7156113      1.0000       7           
7156114      0.6667       3           
7156119      1.0000       5           
7156120      0.7143       7           
7156131      1.0000       11          
7156141      1.0000       6           
7156142      1.0000       8           
7156147      1.0000       7           
7156221      1.0000       8           
7156244      1.0000       3           
7156296      1.0000       10          
7156312      1.0000       2           
7156397      0.5000       10          
7156398      0.8750       8           
7156399      1.0000       5           
7156410      1.0000       7           
7156563      1.0000       4           
7156576      1.0000       8           
7156586      1.0000       7           
7156587      0.6000       5           
7156598      0.6000       5           
7156602      1.0000       2           
7156604      1.0000       8           
7156607      0.7500       4           
7156610      0.5000       6           
7156611      1.0000       9           
7156612      0.8571       14          
7156641      1.0000       12          
7156659      1.0000       7           
7156660      0.8750       8           
7156669      1.0000       3           
7156673      1.0000       5           
7156674      1.0000       6           
7156676      0.6000       5           
7156680      1.0000       2           
7156684      1.0000       10          
7156686      0.7500       8           
7156688      0.7500       4           
7156693      0.7143       7           
7156707      1.0000       15          
7156709      0.8182       11          
7156720      1.0000       5           
7156722      1.0000       10          
7156737      1.0000       6           
7156745      0.7500       4           
7156746      1.0000       7           
7156747      1.0000       7           
7156748      1.0000       4           
7156752      1.0000       9           
7156753      1.0000       7           
7157135      1.0000       11          
7157209      1.0000       9           
7157234      1.0000       15          
7157258      1.0000       3           
7157352      1.0000       7           
7157390      1.0000       5           
7157461      1.0000       4           
7157499      0.3333       3           
7157513      1.0000       5           
7157514      1.0000       9           
7157531      1.0000       6           
7157533      1.0000       9           
7157545      1.0000       3           
7157563      1.0000       11          
7157564      1.0000       5           
7157565      1.0000       8           
7157686      1.0000       3           
7157710      0.7500       4           
7157727      1.0000       2           
7157788      1.0000       9           
7157874      1.0000       8           
7157876      0.8947       19          
7157881      1.0000       20          
7157887      0.5000       6           
7157907      1.0000       9           
7157908      1.0000       6           
7157910      1.0000       2           
7157913      1.0000       4           
7157914      0.8571       7           
7157971      1.0000       2           
7158067      1.0000       6           
7158071      1.0000       7           
7158122      0.8333       6           
7158184      1.0000       8           
7158352      1.0000       3           
7158408      0.3333       3           
7158422      0.7143       7           
7158471      0.5000       6           
7158533      1.0000       8           
7158541      1.0000       2           
7158547      1.0000       7           
7158548      1.0000       6           
7158556      0.6000       5           
7158562      1.0000       7           
7158567      1.0000       4           
7158568      0.8000       5           
7158576      1.0000       6           
7158578      1.0000       10          
7158579      0.6667       6           
7158581      1.0000       2           
7158582      1.0000       13          
7158647      1.0000       7           
7158656      1.0000       8           
7158676      0.6250       8           
7158718      1.0000       5           
7158737      0.6667       9           
7158738      1.0000       12          
7158856      1.0000       6           
7158901      1.0000       3           
7158913      1.0000       4           
7158952      1.0000       2           
7158966      1.0000       4           
7158968      0.9545       22          
7158984      1.0000       3           
7158988      1.0000       3           
7159035      1.0000       2           
7159148      0.4286       7           
7159157      1.0000       6           
7159372      1.0000       2           
7159464      1.0000       2           
7159678      1.0000       7           
7159679      1.0000       8           
7159680      1.0000       6           
7159681      0.5714       7           
7159682      1.0000       7           
7159687      1.0000       4           
7159700      1.0000       5           
7159701      1.0000       7           
7159785      1.0000       2           
7159948      0.5000       12          
7159952      1.0000       5           
7159982      1.0000       5           
7159992      1.0000       8           
7159999      1.0000       7           
7160015      1.0000       5           
7160066      1.0000       6           
7160073      1.0000       5           
7160082      0.5000       6           
7160099      0.9231       13          
7160103      1.0000       19          
7160117      1.0000       4           
7160133      1.0000       5           
7160361      0.6667       6           
7160828      1.0000       2           
7160880      1.0000       10          
7160881      1.0000       8           
7160892      1.0000       4           
7160893      1.0000       7           
7160894      1.0000       5           
7160895      1.0000       5           
7160917      1.0000       12          
7160919      1.0000       7           
7160923      1.0000       8           
7160924      0.8000       5           
7160940      1.0000       17          
7160944      1.0000       6           
7160958      1.0000       4           
7160960      0.5000       10          
7160963      1.0000       15          
7160964      1.0000       7           
7160967      1.0000       6           
7160969      0.7143       7           
7160978      0.7500       4           
7160980      0.5714       7           
7160982      0.5000       8           
7161003      1.0000       5           
7161004      1.0000       11          
7161005      0.8182       11          
7161007      1.0000       8           
7161140      1.0000       3           
7161158      1.0000       3           
7161227      1.0000       6           
7161278      1.0000       4           
7161310      1.0000       3           
7161366      1.0000       3           
7161397      1.0000       2           
7161406      1.0000       3           
7161412      1.0000       3           
7161510      1.0000       7           
7161551      1.0000       4           
7161605      1.0000       4           
7161728      0.6250       8           
7161765      1.0000       11          
7161767      0.8000       5           
7161775      1.0000       4           
7161776      0.8000       10          
7161777      1.0000       5           
7161832      0.9000       10          
7161841      1.0000       9           
7161883      1.0000       4           
7162133      1.0000       7           
7162134      1.0000       10          
7162138      1.0000       8           
7162170      1.0000       7           
7162173      0.6667       3           
7162187      0.7500       4           
7162484      0.5000       14          
7162485      0.8571       7           
7162527      1.0000       3           
7162589      1.0000       9           
7162590      0.8571       7           
7162615      1.0000       5           
7162616      1.0000       6           
7162690      1.0000       2           
7162691      1.0000       10          
7162708      1.0000       3           
7162714      1.0000       5           
7162725      1.0000       2           
7162740      0.9000       10          
7162922      1.0000       7           
7162951      1.0000       4           
7162956      1.0000       7           
7162958      0.5714       7           
7162978      0.5000       4           
7162995      1.0000       15          
7163027      1.0000       10          
7163029      1.0000       10          
7163032      1.0000       4           
7163035      1.0000       2           
7163039      0.6250       8           
7163055      1.0000       2           
7163079      1.0000       8           
7163082      0.5000       6           
7163084      1.0000       7           
7163088      0.5556       9           
7163130      1.0000       7           
7163300      1.0000       3           
7163314      1.0000       4           
7163333      1.0000       3           
7163366      0.7500       8           
7163427      1.0000       10          
7163430      1.0000       10          
7163432      0.5000       4           
7163699      0.8889       9           
7163853      0.5000       4           
7163889      0.8000       5           
7163892      1.0000       8           
7163893      0.8889       9           
7163896      1.0000       7           
7163898      1.0000       12          
7163900      1.0000       3           
7163903      0.7273       11          
7163905      1.0000       6           
7163912      1.0000       15          
7163914      1.0000       7           
7163918      0.7500       4           
7163952      1.0000       11          
7163953      1.0000       7           
7163961      0.6667       9           
7163965      1.0000       17          
7163996      1.0000       14          
7164005      1.0000       14          
7164427      1.0000       4           
7164433      1.0000       2           
7164503      0.8750       8           
7164518      1.0000       5           
7164523      1.0000       2           
7164537      1.0000       7           
7164598      1.0000       4           
7164716      1.0000       3           
7164717      1.0000       7           
7164823      1.0000       8           
7164837      1.0000       7           
7164887      0.8000       5           
7164888      1.0000       9           
7164889      1.0000       3           
7164890      0.8000       5           
7164891      1.0000       9           
7164903      1.0000       7           
7164908      1.0000       2           
7164918      0.6667       9           
7164919      1.0000       7           
7164931      1.0000       10          
7164935      1.0000       9           
7164939      1.0000       9           
7164945      0.5000       8           
7164956      0.7500       4           
7164958      0.8571       7           
7164969      1.0000       9           
7164992      1.0000       7           
7164997      0.6667       3           
7164998      0.5000       10          
7165003      0.8889       9           
7165012      0.5556       9           
7165014      1.0000       6           
7165015      0.8000       5           
7165019      0.8000       10          
7165032      0.8333       6           
7165054      1.0000       5           
7165055      0.5714       7           
7165056      0.6667       9           
7165057      0.9000       10          
7165064      0.8333       6           
7165085      1.0000       3           
7165114      0.4286       7           
7165116      1.0000       7           
7165117      1.0000       6           
7165125      1.0000       12          
7165128      0.5000       6           
7165149      0.6250       8           
7165164      1.0000       5           
7165166      1.0000       10          
7165167      0.5556       9           
7165169      0.8667       15          
7165171      1.0000       4           
7165172      0.6000       5           
7165191      0.5714       7           
7165192      1.0000       4           
7165210      1.0000       2           
7165222      1.0000       2           
7165241      1.0000       2           
7165263      1.0000       2           
7165290      1.0000       2           
7165331      1.0000       4           
7165338      1.0000       5           
7165579      0.5000       2           
7165598      1.0000       2           
7165771      1.0000       7           
7165907      1.0000       4           
7166025      0.5714       7           
7166038      1.0000       6           
7166463      1.0000       2           
7166645      1.0000       2           
7166681      1.0000       5           
7166730      0.5000       2           
7166731      1.0000       7           
7166732      0.7143       14          
7166746      0.4000       5           
7166798      1.0000       2           
7166821      1.0000       5           
7166823      1.0000       8           
7166825      1.0000       4           
7166851      1.0000       5           
7166868      1.0000       2           
7166905      1.0000       8           
7166911      0.7500       4           
7166995      1.0000       2           
7167003      0.6667       3           
7167031      1.0000       6           
7167033      0.7500       8           
7167043      1.0000       8           
7167094      1.0000       2           
7167340      1.0000       2           
7167347      1.0000       4           
7167348      1.0000       4           
7167357      0.8571       7           
7167381      1.0000       19          
7167383      1.0000       12          
7167384      1.0000       9           
7167414      1.0000       10          
7167415      1.0000       7           
7167416      1.0000       3           
7167418      0.9167       12          
7167420      0.5000       4           
7167421      1.0000       5           
7167422      1.0000       7           
7167423      0.7273       11          
7167424      0.8571       7           
7167426      0.6250       8           
7167427      1.0000       5           
7167433      1.0000       4           
7167445      1.0000       8           
7167448      1.0000       5           
7167449      1.0000       5           
7167460      1.0000       2           
7167462      1.0000       8           
7167463      1.0000       2           
7167493      1.0000       13          
7167494      1.0000       5           
7167495      1.0000       5           
7167497      0.5000       4           
7167502      0.7273       11          
7167503      0.7143       7           
7167504      1.0000       18          
7167505      1.0000       13          
7167528      1.0000       2           
7167570      1.0000       2           
7167575      1.0000       13          
7167585      1.0000       6           
7167775      1.0000       11          
7167824      1.0000       2           
7167892      1.0000       18          
7167903      1.0000       4           
7167923      1.0000       6           
7167934      1.0000       2           
7167935      1.0000       5           
7167956      1.0000       2           
7167966      1.0000       2           
7168036      1.0000       2           
7168091      1.0000       9           
7168093      1.0000       6           
7168094      1.0000       7           
7168098      1.0000       2           
7168127      0.5000       2           
7168135      0.8000       5           
7168137      1.0000       9           
7168143      0.8000       5           
7168148      1.0000       10          
7168159      1.0000       7           
7168162      1.0000       2           
7168185      1.0000       6           
7168186      1.0000       5           
7168187      0.6923       13          
7168188      1.0000       9           
7168189      1.0000       4           
7168199      1.0000       9           
7168200      1.0000       7           
7168202      0.4000       5           
7168203      1.0000       7           
7168257      0.5000       2           
7168452      1.0000       2           
7168460      1.0000       11          
7168466      1.0000       5           
7168470      1.0000       11          
7168552      1.0000       5           
7168556      1.0000       5           
7168561      1.0000       13          
7168568      1.0000       3           
7168570      1.0000       7           
7168572      0.7273       11          
7168578      1.0000       5           
7168595      1.0000       11          
7168597      1.0000       6           
7168598      1.0000       8           
7168600      0.8000       5           
7168604      0.6667       9           
7168626      1.0000       5           
7168629      1.0000       11          
7168633      0.7778       9           
7168655      1.0000       10          
7168664      1.0000       6           
7168681      1.0000       13          
7168693      0.6667       9           
7168706      1.0000       7           
7168745      0.6667       9           
7168769      1.0000       7           
7168981      1.0000       2           
7169010      1.0000       3           
7169145      1.0000       2           
7169170      1.0000       4           
7169192      1.0000       2           
7169348      1.0000       12          
7169386      1.0000       2           
7169415      0.7000       10          
7169506      1.0000       7           
7169507      1.0000       7           
7169508      0.6667       9           
7169510      1.0000       9           
7169531      0.8571       7           
7169533      1.0000       5           
7169551      1.0000       5           
7169558      0.5000       6           
7169565      1.0000       6           
7169566      1.0000       11          
7169573      0.5556       9           
7169575      1.0000       4           
7169576      1.0000       9           
7169594      0.7143       7           
7169608      0.5714       7           
7169621      0.6250       8           
7169628      1.0000       15          
7169776      0.6667       3           
7169908      1.0000       7           
7170107      1.0000       9           
7170117      1.0000       4           
7170119      1.0000       13          
7170127      1.0000       10          
7170134      1.0000       10          
7170152      0.7273       11          
7170165      1.0000       7           
7170171      0.7143       7           
7170181      0.8571       7           
7170190      0.4000       5           
7170232      1.0000       2           
7170353      0.7500       8           
7170444      1.0000       5           
7170448      0.7273       11          
7170496      1.0000       8           
7170535      1.0000       2           
7170680      1.0000       4           
7170694      0.8333       6           
7170790      1.0000       9           
7170791      0.8000       15          
7170810      1.0000       2           
7170811      0.7778       9           
7170927      0.7000       10          
7170954      1.0000       5           
7170957      1.0000       6           
7171122      1.0000       2           
7171222      1.0000       3           
7171240      1.0000       6           
7171242      0.5000       2           
7171457      0.6667       6           
7171459      0.7500       8           
7171530      0.6000       10          
7171539      1.0000       2           
7171540      1.0000       5           
7171598      1.0000       2           
7171667      0.8125       16          
7171679      0.5000       6           
7171777      1.0000       3           
7171814      0.5714       7           
7171815      1.0000       5           
7171816      0.5000       2           
7171823      1.0000       6           
7171824      0.8000       5           
7171829      0.6667       6           
7171830      1.0000       9           
7171837      0.5000       2           
7171838      1.0000       3           
7171839      0.6667       6           
7171849      0.8000       5           
7171850      1.0000       4           
7171896      0.6667       3           
7171901      1.0000       6           
7171902      1.0000       4           
7171904      1.0000       3           
7171905      0.4000       5           
7171960      0.3636       11          
7171961      1.0000       11          
7171973      1.0000       7           
7171978      0.7500       4           
7171979      1.0000       4           
7171981      1.0000       6           
7171982      1.0000       5           
7171993      1.0000       8           
7172144      1.0000       13          
7172175      0.6667       6           
7172199      1.0000       2           
7172201      1.0000       4           
7172202      1.0000       5           
7172270      1.0000       9           
7172272      1.0000       4           
7172362      1.0000       9           
7172440      1.0000       2           
7172460      1.0000       7           
7172647      1.0000       11          
7172648      1.0000       8           
7172666      1.0000       9           
7172678      1.0000       7           
7172682      0.6923       13          
7172684      0.8571       7           
7172686      1.0000       4           
7172687      0.7778       9           
7172688      1.0000       4           
7172707      0.5714       7           
7172728      1.0000       6           
7172737      1.0000       10          
7172741      1.0000       15          
7172742      1.0000       3           
7172743      1.0000       6           
7172744      1.0000       4           
7172745      0.7143       7           
7172753      0.5714       7           
7172799      1.0000       5           
7172879      0.7143       7           
7173112      1.0000       4           
7173113      1.0000       4           
7173123      1.0000       11          
7173384      0.4444       9           
7173443      1.0000       7           
7173458      0.5000       8           
7173510      1.0000       2           
7173523      1.0000       4           
7173536      1.0000       8           
7173628      1.0000       3           
7173688      0.7500       4           
7173761      0.8182       11          
7173767      1.0000       6           
7173772      1.0000       5           
7173774      0.6000       5           
7173975      0.8571       7           
7173980      1.0000       7           
7173986      1.0000       5           
7173992      1.0000       3           
7174011      0.8571       7           
7174012      1.0000       5           
7174022      1.0000       7           
7174032      1.0000       7           
7174053      0.6667       6           
7174078      0.8000       5           
7174290      1.0000       3           
7174292      0.5000       8           
7174304      0.5556       9           
7174357      0.7500       4           
7174371      1.0000       2           
7174416      0.5000       6           
7174497      1.0000       7           
7174502      0.8000       5           
7174518      0.8571       7           
7174521      0.6000       5           
7174530      1.0000       7           
7174534      1.0000       4           
7174536      1.0000       13          
7174538      0.8571       7           
7174541      1.0000       15          
7174543      1.0000       2           
7174552      1.0000       7           
7174554      0.6000       5           
7174555      0.8571       7           
7174556      1.0000       9           
7174611      1.0000       6           
7174666      1.0000       2           
7174781      0.4000       5           
7174830      1.0000       3           
7174838      1.0000       7           
7174851      0.8750       8           
7175008      1.0000       10          
7175010      1.0000       5           
7175011      1.0000       7           
7175012      0.5000       6           
7175013      1.0000       16          
7175014      1.0000       7           
7175015      1.0000       9           
7175016      1.0000       10          
7175021      1.0000       13          
7175032      0.8000       5           
7175034      0.4286       7           
7175035      1.0000       6           
7175043      1.0000       2           
7175054      1.0000       7           
7175056      1.0000       10          
7175084      1.0000       9           
7175097      1.0000       4           
7175101      0.3333       6           
7175194      1.0000       4           
7175237      0.6667       3           
7175263      1.0000       2           
7175580      1.0000       5           
7175581      1.0000       4           
7175611      1.0000       7           
7175626      0.6000       5           
7175636      0.8889       9           
7175663      1.0000       10          
7175669      1.0000       2           
7175673      0.5556       9           
7175674      1.0000       9           
7175683      1.0000       2           
7175687      0.6667       6           
7175689      1.0000       10          
7175691      0.7500       4           
7175701      1.0000       4           
7175702      1.0000       14          
7175710      1.0000       4           
7175712      1.0000       6           
7175714      1.0000       9           
7175715      1.0000       6           
7175716      0.8000       5           
7175717      1.0000       9           
7175776      1.0000       7           
7175777      1.0000       10          
7175780      0.6667       3           
7175782      1.0000       7           
7175815      1.0000       8           
7175816      1.0000       16          
7175819      0.6000       10          
7175822      1.0000       12          
7175840      0.7692       13          
7175844      0.5000       8           
7175856      0.5000       6           
7175861      1.0000       5           
7175864      1.0000       7           
7175948      1.0000       3           
7175954      1.0000       2           
7176017      1.0000       4           
7176018      1.0000       4           
7176036      1.0000       10          
7176206      1.0000       2           
7176216      0.8000       5           
7176328      1.0000       5           
7176400      1.0000       4           
7176408      1.0000       6           
7176506      1.0000       4           
7176508      0.5000       6           
7176515      1.0000       7           
7176516      0.6000       5           
7176517      1.0000       5           
7176521      1.0000       8           
7176522      1.0000       3           
7176537      1.0000       3           
7176539      1.0000       9           
7176545      0.5000       2           
7176547      0.5000       6           
7176559      1.0000       4           
7176583      1.0000       7           
7176584      1.0000       5           
7176642      1.0000       6           
7176643      1.0000       7           
7176848      1.0000       2           
7176871      0.8571       7           
7177029      1.0000       7           
7177147      1.0000       5           
7177149      0.6667       3           
7177159      0.5556       9           
7177185      1.0000       11          
7177328      1.0000       2           
7177331      1.0000       8           
7177332      1.0000       3           
7177333      1.0000       8           
7177339      0.7500       8           
7177371      0.5000       6           
7177375      1.0000       9           
7177659      1.0000       3           
7177660      1.0000       2           
7177768      1.0000       6           
7177853      0.7778       9           
7177856      1.0000       4           
7177866      0.8000       5           
7177867      1.0000       2           
7177882      1.0000       6           
7177919      0.8333       6           
7177921      1.0000       10          
7177932      1.0000       10          
7177945      0.8889       9           
7177991      1.0000       7           
7178069      1.0000       2           
7178133      1.0000       2           
7178138      1.0000       2           
7178181      0.7500       4           
7178190      1.0000       2           
7178205      1.0000       4           
7178335      1.0000       7           
7178361      1.0000       3           
7178373      0.6000       5           
7178405      1.0000       6           
7178418      1.0000       5           
7178449      0.8000       5           
7178573      1.0000       2           
7178584      1.0000       4           
7178585      1.0000       8           
7178586      1.0000       4           
7178587      1.0000       7           
7178596      1.0000       9           
7178597      1.0000       8           
7178598      0.5000       8           
7178600      1.0000       9           
7178608      1.0000       3           
7178614      1.0000       7           
7178627      1.0000       13          
7178628      1.0000       13          
7178630      0.5000       4           
7178631      0.7500       8           
7178870      0.8571       7           
7178898      0.4444       9           
7178903      1.0000       3           
7178976      1.0000       2           
7179086      1.0000       2           
7179098      0.5000       2           
7179165      1.0000       4           
7179181      0.8182       11          
7179282      0.5455       11          
7179296      1.0000       10          
7179307      1.0000       7           
7179311      1.0000       2           
7179315      1.0000       7           
7179316      1.0000       8           
7179318      0.6250       8           
7179319      1.0000       7           
7179326      1.0000       10          
7179366      1.0000       8           
7179367      0.6000       10          
7179621      0.6667       3           
7179673      1.0000       4           
7179705      1.0000       7           
7179715      1.0000       6           
7179716      1.0000       2           
7179879      1.0000       5           
7179888      0.8571       7           
7179982      1.0000       2           
7180084      1.0000       7           
7180392      1.0000       2           
7180500      0.6667       3           
7180553      1.0000       6           
7180554      1.0000       5           
7180557      1.0000       7           
7180562      1.0000       5           
7180569      0.8889       9           
7180571      1.0000       4           
7180575      1.0000       8           
7180576      0.8000       5           
7180661      0.6667       6           
7180695      1.0000       6           
7180739      1.0000       2           
7180860      1.0000       6           
7180931      1.0000       2           
7180936      1.0000       2           
7180937      1.0000       7           
7180941      1.0000       13          
7180953      0.8000       5           
7180973      1.0000       6           
7180974      0.8571       7           
7180982      0.5714       7           
7180990      0.6364       11          
7180992      1.0000       4           
7181002      0.8889       9           
7181008      1.0000       3           
7181025      0.6000       5           
7181027      0.4444       9           
7181028      1.0000       5           
7181029      1.0000       5           
7181060      0.5000       2           
7181222      1.0000       2           
7181256      1.0000       3           
7181265      1.0000       3           
7181315      1.0000       5           
7181325      1.0000       10          
7181380      0.5000       14          
7181429      1.0000       4           
7181433      1.0000       4           
7181443      1.0000       2           
7181456      1.0000       3           
7181458      1.0000       2           
7181459      1.0000       14          
7181461      0.7500       8           
7181464      0.9167       12          
7181465      0.6250       8           
7181466      1.0000       6           
7181467      1.0000       5           
7181468      1.0000       5           
7181469      1.0000       5           
7181470      1.0000       5           
7181471      1.0000       7           
7181474      0.5000       10          
7181488      0.6667       3           
7181493      1.0000       5           
7181496      1.0000       3           
7181513      1.0000       9           
7181537      0.8333       6           
7181538      0.6250       8           
7181540      0.5000       6           
7181545      1.0000       6           
7181548      1.0000       10          
7181550      0.6667       3           
7181551      1.0000       10          
7181553      1.0000       12          
7181555      0.8333       12          
7181556      0.7000       10          
7181588      0.8000       5           
7181594      1.0000       3           
7181602      0.6667       3           
7181603      1.0000       6           
7181727      1.0000       7           
7181790      1.0000       10          
7181805      1.0000       3           
7181816      1.0000       2           
7181822      1.0000       4           
7181929      1.0000       5           
7181930      0.3333       3           
7181933      1.0000       5           
7181941      1.0000       13          
7182026      1.0000       2           
7182153      1.0000       3           
7182177      1.0000       13          
7182178      1.0000       5           
7182183      0.6667       6           
7182191      1.0000       2           
7182218      1.0000       7           
7182222      1.0000       6           
7182223      0.7500       4           
7182226      1.0000       7           
7182227      1.0000       8           
7182229      1.0000       6           
7182235      1.0000       7           
7182236      1.0000       7           
7182237      1.0000       9           
7182244      0.4000       5           
7182246      1.0000       6           
7182247      0.7143       7           
7182248      1.0000       11          
7182250      1.0000       5           
7182251      1.0000       4           
7182252      1.0000       8           
7182254      1.0000       11          
7182255      1.0000       8           
7182270      1.0000       2           
7182271      1.0000       5           
7182272      1.0000       14          
7182274      1.0000       5           
7182275      1.0000       2           
7182307      1.0000       8           
7182319      1.0000       5           
7182320      1.0000       11          
7182322      1.0000       12          
7182328      1.0000       4           
7182335      0.5556       9           
7182336      0.8000       5           
7182338      0.8889       9           
7182339      0.7500       4           
7182346      1.0000       5           
7182349      1.0000       7           
7182357      1.0000       5           
7182367      1.0000       5           
7182374      1.0000       10          
7182375      1.0000       5           
7182376      0.7778       9           
7182384      0.8333       6           
7182411      0.7500       4           
7182415      1.0000       5           
7182418      0.5000       6           
7182434      1.0000       2           
7182601      1.0000       2           
7182698      1.0000       4           
7182700      0.6154       13          
7182703      1.0000       3           
7182710      1.0000       3           
7182884      0.6000       10          
7182925      1.0000       5           
7182930      1.0000       6           
7183082      0.6364       11          
7183106      1.0000       5           
7183119      1.0000       5           
7183211      1.0000       9           
7183233      0.6154       13          
7183244      1.0000       8           
7183259      1.0000       4           
7183271      1.0000       9           
7183291      0.7333       15          
7183456      1.0000       5           
7183517      0.8333       6           
