Event 2 Statistics:
Number of clusters: 1384
Average connectivity: 0.8788
Average track length: 6.33
Noise contamination: 82402 noise points, 8765 signal points
Signal-to-noise ratio: 0.11
Average noise ratio: 0.6503

Detailed Cluster Metrics:
Cluster ID   Connectivity Track Length
----------------------------------------
2000002      1.0000       9           
2000012      1.0000       6           
2000013      1.0000       5           
2000014      1.0000       5           
2000015      1.0000       2           
2000016      1.0000       7           
2000018      1.0000       7           
2000021      1.0000       6           
2000022      1.0000       8           
2000023      0.5714       7           
2000024      0.7143       7           
2000025      1.0000       4           
2000026      0.6667       6           
2000027      0.6667       9           
2000028      1.0000       5           
2000029      1.0000       2           
2000030      0.6000       5           
2000032      1.0000       10          
2000035      1.0000       4           
2000060      1.0000       6           
2000062      1.0000       14          
2000066      1.0000       3           
2000078      1.0000       5           
2000080      0.5000       4           
2000082      1.0000       7           
2000083      0.5000       6           
2000084      1.0000       7           
2000085      0.6000       5           
2000086      1.0000       5           
2000090      0.8000       5           
2000091      0.5000       8           
2000093      0.5000       6           
2000098      0.6000       10          
2000125      1.0000       9           
2000129      1.0000       7           
2000130      1.0000       2           
2000132      0.4286       7           
2000134      0.8571       7           
2000148      1.0000       5           
2000151      1.0000       5           
2000152      1.0000       10          
2000154      0.3333       9           
2000155      1.0000       5           
2000158      0.6667       3           
2000173      0.4615       13          
2000174      0.8000       5           
2000186      1.0000       2           
2000209      0.6667       3           
2000254      0.8333       6           
2000296      1.0000       4           
2000371      0.5000       2           
2000379      0.7500       4           
2000384      1.0000       3           
2000406      1.0000       3           
2000408      1.0000       5           
2000409      0.3333       6           
2000434      0.5000       2           
2000435      1.0000       2           
2000467      1.0000       3           
2000610      0.5000       4           
2000631      1.0000       2           
2000633      0.6667       3           
2000642      1.0000       3           
2000648      1.0000       5           
2050878      1.0000       3           
2075470      0.5000       2           
2089560      0.5000       2           
2091731      1.0000       2           
2092869      0.5000       2           
2111039      0.5000       2           
2111788      1.0000       3           
2115211      1.0000       5           
2115218      1.0000       14          
2115232      1.0000       6           
2115292      0.9167       12          
2115293      1.0000       4           
2115313      0.5000       2           
2115319      1.0000       3           
2115350      0.6667       6           
2115352      1.0000       6           
2115359      1.0000       17          
2115360      0.7333       15          
2115371      1.0000       5           
2115372      1.0000       6           
2115378      0.9091       11          
2115379      1.0000       6           
2115381      1.0000       6           
2115392      1.0000       4           
2115409      1.0000       5           
2115425      1.0000       5           
2115427      1.0000       22          
2115469      1.0000       4           
2115638      1.0000       4           
2115775      0.8000       5           
2115795      1.0000       2           
2115819      1.0000       4           
2115879      1.0000       3           
2115940      0.8000       5           
2115943      1.0000       2           
2116024      1.0000       2           
2116337      1.0000       7           
2116346      1.0000       5           
2116353      0.7500       4           
2116354      1.0000       6           
2116359      0.3846       13          
2116403      1.0000       3           
2116415      1.0000       2           
2116495      0.6667       3           
2116618      1.0000       2           
2116620      0.6667       6           
2116628      1.0000       8           
2116740      1.0000       5           
2116751      1.0000       6           
2116754      1.0000       11          
2116762      1.0000       10          
2116763      1.0000       11          
2116770      1.0000       8           
2116772      1.0000       10          
2116783      1.0000       5           
2116784      0.8750       16          
2116789      0.6000       5           
2116790      0.8333       6           
2116813      0.4000       10          
2116833      1.0000       10          
2116839      1.0000       21          
2116841      1.0000       9           
2116843      0.8889       9           
2116846      0.5000       4           
2116849      0.8333       6           
2116850      0.6667       6           
2116851      1.0000       8           
2116951      1.0000       8           
2117225      1.0000       2           
2117305      0.5000       2           
2117316      0.5714       7           
2117323      1.0000       7           
2117325      0.8333       6           
2117331      0.5000       6           
2117386      0.6000       5           
2117387      1.0000       2           
2117475      1.0000       10          
2117491      1.0000       5           
2117504      1.0000       9           
2117509      0.8182       11          
2117511      1.0000       6           
2117512      0.8000       5           
2117514      0.6000       5           
2117520      0.8571       7           
2117524      0.6667       9           
2117534      1.0000       4           
2117537      0.6667       3           
2117558      1.0000       9           
2117562      1.0000       8           
2117703      1.0000       2           
2117775      1.0000       3           
2117776      0.2857       7           
2117874      1.0000       2           
2117965      0.7778       9           
2117966      1.0000       7           
2117967      1.0000       10          
2117969      0.8333       6           
2117970      0.5000       4           
2117981      0.8000       5           
2117983      1.0000       10          
2117984      1.0000       6           
2117985      0.5000       4           
2117987      1.0000       6           
2117990      1.0000       8           
2117993      0.5714       7           
2117998      1.0000       5           
2118009      0.5714       7           
2118020      0.6667       3           
2118042      1.0000       9           
2118043      0.8000       5           
2118048      1.0000       2           
2118049      0.8333       6           
2118050      1.0000       2           
2118059      0.8000       5           
2118071      1.0000       7           
2118075      0.5000       6           
2118092      0.4000       5           
2118103      0.5000       8           
2118142      1.0000       6           
2118146      1.0000       5           
2118159      0.6667       6           
2118241      1.0000       2           
2118408      1.0000       4           
2118421      1.0000       8           
2118484      1.0000       7           
2118726      0.7143       7           
2118728      1.0000       13          
2118770      1.0000       13          
2118858      1.0000       9           
2118859      0.7333       15          
2118860      0.8889       9           
2118861      1.0000       7           
2118862      1.0000       11          
2118872      1.0000       10          
2118880      0.5000       4           
2118882      1.0000       17          
2118884      0.6364       11          
2118886      0.7500       4           
2118889      1.0000       7           
2118890      0.6000       5           
2118891      0.8000       5           
2118903      1.0000       7           
2118905      1.0000       3           
2118906      0.8571       7           
2118926      1.0000       12          
2118934      1.0000       4           
2118946      0.8889       9           
2118952      1.0000       8           
2118960      1.0000       9           
2118983      1.0000       5           
2118984      1.0000       8           
2118986      1.0000       6           
2118987      1.0000       5           
2119062      1.0000       2           
2119066      1.0000       7           
2119067      1.0000       6           
2119131      1.0000       2           
2119409      1.0000       6           
2119410      1.0000       5           
2119417      0.6667       3           
2119418      1.0000       10          
2119424      1.0000       17          
2119440      1.0000       10          
2119442      1.0000       15          
2119459      1.0000       2           
2119461      1.0000       2           
2119462      1.0000       5           
2119463      1.0000       9           
2119469      0.8571       14          
2119470      1.0000       6           
2119471      1.0000       8           
2119472      1.0000       2           
2119488      0.7500       8           
2119503      1.0000       6           
2119511      1.0000       10          
2119545      1.0000       7           
2119547      1.0000       12          
2119548      1.0000       9           
2119549      1.0000       2           
2119569      0.6000       5           
2119613      1.0000       4           
2119647      1.0000       7           
2119648      1.0000       5           
2119862      0.9000       10          
2119904      1.0000       2           
2120038      1.0000       6           
2120105      0.6667       3           
2120106      0.8889       9           
2120163      0.5000       10          
2120189      0.5556       9           
2120193      1.0000       6           
2120195      0.5000       6           
2120200      1.0000       9           
2120201      1.0000       8           
2120207      0.8182       11          
2120208      1.0000       7           
2120209      0.5000       6           
2120238      1.0000       4           
2120239      1.0000       4           
2120240      0.7778       9           
2120241      1.0000       5           
2120242      0.8571       7           
2120246      1.0000       9           
2120276      0.5000       10          
2120278      0.5455       11          
2120281      1.0000       7           
2120299      1.0000       8           
2120320      1.0000       7           
2120322      1.0000       10          
2120370      0.8000       5           
2120468      0.6667       3           
2120721      1.0000       3           
2120726      0.9000       10          
2120729      1.0000       3           
2120741      0.6667       3           
2120742      1.0000       12          
2120901      0.5455       11          
2120902      1.0000       11          
2120904      1.0000       5           
2120938      1.0000       2           
2121068      0.7778       9           
2121083      1.0000       4           
2121132      1.0000       3           
2121220      1.0000       2           
2121228      0.5455       11          
2121232      1.0000       7           
2121233      1.0000       9           
2121234      1.0000       3           
2121248      1.0000       10          
2121250      1.0000       6           
2121251      0.6316       19          
2121252      0.8000       5           
2121253      0.3333       6           
2121254      1.0000       5           
2121257      1.0000       5           
2121261      0.6667       6           
2121262      1.0000       13          
2121274      1.0000       5           
2121276      1.0000       6           
2121277      1.0000       5           
2121278      0.9000       10          
2121294      1.0000       14          
2121310      0.6667       6           
2121311      1.0000       3           
2121336      0.5000       6           
2121415      1.0000       4           
2121447      1.0000       5           
2121535      0.5000       2           
2121538      0.8889       9           
2121541      1.0000       6           
2121593      1.0000       7           
2121596      0.5385       13          
2121722      1.0000       3           
2121732      0.6000       5           
2121775      0.8000       5           
2121778      1.0000       5           
2121922      1.0000       12          
2122016      1.0000       2           
2122021      1.0000       6           
2122023      1.0000       4           
2122048      0.5000       2           
2122056      1.0000       3           
2122073      0.7273       11          
2122103      1.0000       22          
2122104      1.0000       7           
2122105      0.7143       7           
2122106      1.0000       2           
2122111      1.0000       11          
2122116      0.5714       7           
2122128      1.0000       5           
2122134      0.5714       7           
2122135      1.0000       7           
2122144      1.0000       5           
2122407      0.8889       9           
2122418      1.0000       12          
2122419      0.5714       7           
2122537      0.7000       10          
2122575      0.5000       4           
2122594      0.8571       7           
2122597      0.6667       3           
2122650      0.5000       4           
2122658      1.0000       6           
2122795      0.6000       5           
2122815      0.6000       5           
2122816      1.0000       12          
2122853      1.0000       3           
2122855      1.0000       8           
2122858      0.6667       6           
2122860      0.5000       2           
2122862      0.8333       6           
2122898      0.6250       8           
2123174      1.0000       11          
2123275      1.0000       2           
2123296      1.0000       5           
2123301      1.0000       11          
2123304      0.7778       9           
2123457      1.0000       2           
2123478      0.7500       4           
2123479      1.0000       16          
2123480      1.0000       7           
2123488      0.6000       5           
2123507      1.0000       11          
2123623      1.0000       5           
2123624      1.0000       2           
2123643      1.0000       5           
2123655      0.5000       4           
2123669      1.0000       7           
2123672      1.0000       2           
2123676      0.7500       8           
2123677      1.0000       9           
2123680      1.0000       7           
2123685      1.0000       5           
2123686      0.3333       6           
2123688      1.0000       4           
2123698      1.0000       2           
2123778      1.0000       4           
2123919      1.0000       2           
2123945      1.0000       2           
2123947      1.0000       7           
2124043      1.0000       10          
2124044      1.0000       6           
2124216      0.7500       4           
2124221      1.0000       3           
2124312      1.0000       7           
2124394      1.0000       5           
2124397      0.3333       6           
2124410      1.0000       8           
2124433      0.7500       12          
2124617      1.0000       7           
2124619      0.5000       6           
2124621      1.0000       9           
2124625      0.6364       11          
2124719      0.6250       8           
2124819      1.0000       2           
2124858      1.0000       5           
2124973      1.0000       2           
2125067      1.0000       5           
2125094      1.0000       2           
2125146      1.0000       10          
2125151      1.0000       3           
2125298      0.3333       3           
2125340      0.8333       6           
2125399      1.0000       14          
2125400      0.6667       3           
2125537      1.0000       2           
2125553      1.0000       5           
2125564      1.0000       9           
2125565      0.5000       8           
2125567      0.6667       3           
2125583      1.0000       4           
2125584      1.0000       3           
2125587      0.6667       3           
2125611      0.5000       2           
2125629      1.0000       7           
2125632      1.0000       6           
2125646      1.0000       11          
2125649      0.5000       2           
2125650      1.0000       3           
2125870      1.0000       8           
2126012      1.0000       4           
2126041      1.0000       5           
2126050      1.0000       7           
2126059      1.0000       5           
2126070      0.6250       8           
2126071      1.0000       5           
2126072      1.0000       5           
2126073      1.0000       4           
2126076      1.0000       6           
2126078      1.0000       7           
2126079      1.0000       5           
2126082      0.8000       5           
2126092      1.0000       7           
2126136      0.6667       6           
2126137      1.0000       9           
2126139      1.0000       8           
2126140      0.5714       7           
2126142      0.4167       12          
2126171      1.0000       14          
2126174      1.0000       12          
2126175      1.0000       5           
2126177      1.0000       7           
2126347      0.7500       12          
2126439      1.0000       5           
2126608      1.0000       2           
2126623      1.0000       5           
2126682      1.0000       3           
2126841      1.0000       5           
2126846      0.5714       7           
2126847      0.4444       9           
2126848      1.0000       5           
2126856      1.0000       2           
2126862      1.0000       2           
2126867      1.0000       2           
2126872      1.0000       2           
2126876      0.5000       8           
2126880      1.0000       13          
2126884      0.6000       5           
2126894      1.0000       7           
2126918      0.5000       6           
2126920      0.4000       5           
2126921      0.5714       7           
2126957      1.0000       2           
2126958      1.0000       2           
2127000      1.0000       6           
2127127      1.0000       11          
2127165      1.0000       4           
2127175      1.0000       5           
2127279      1.0000       10          
2127296      0.6667       3           
2127308      0.8000       5           
2127309      1.0000       7           
2127314      1.0000       5           
2127315      0.6364       11          
2127331      1.0000       2           
2127333      0.8000       5           
2127348      1.0000       2           
2127351      1.0000       8           
2127353      1.0000       9           
2127354      1.0000       8           
2127359      1.0000       10          
2127363      1.0000       8           
2127365      1.0000       7           
2127366      1.0000       8           
2127367      0.6000       5           
2127369      1.0000       10          
2127384      1.0000       10          
2127393      0.3077       13          
2127396      0.4286       7           
2127403      0.8000       5           
2127504      1.0000       2           
2127505      1.0000       3           
2127714      1.0000       2           
2127781      1.0000       3           
2127782      1.0000       8           
2127795      1.0000       6           
2127796      1.0000       5           
2127801      0.7273       11          
2127810      0.5000       2           
2127817      1.0000       10          
2127818      0.7500       4           
2127820      1.0000       3           
2127827      1.0000       6           
2127828      0.5714       7           
2127837      0.6667       3           
2127846      0.7500       4           
2127860      1.0000       8           
2127879      1.0000       6           
2127885      1.0000       3           
2127887      0.8571       7           
2127888      0.7500       4           
2127892      1.0000       4           
2128015      0.5000       2           
2128063      1.0000       8           
2128177      1.0000       10          
2128182      0.5000       4           
2128184      1.0000       2           
2128307      0.3750       8           
2128336      0.4444       9           
2128569      1.0000       7           
2128615      1.0000       7           
2128678      0.6667       3           
2128793      1.0000       5           
2128794      1.0000       6           
2128795      0.6000       10          
2128796      0.6000       5           
2128797      1.0000       9           
2128799      1.0000       4           
2128805      0.9000       10          
2128908      1.0000       6           
2129063      0.8000       10          
2129138      0.8000       10          
2129198      1.0000       8           
2129225      0.7000       10          
2129233      1.0000       10          
2129236      1.0000       6           
2129237      1.0000       7           
2129240      1.0000       6           
2129241      1.0000       7           
2129264      1.0000       7           
2129267      1.0000       5           
2129270      1.0000       5           
2129280      1.0000       6           
2129291      1.0000       7           
2129292      1.0000       5           
2129293      0.5714       7           
2129307      1.0000       5           
2129308      0.8000       5           
2129316      1.0000       9           
2129317      1.0000       4           
2129318      1.0000       9           
2129374      1.0000       4           
2129407      1.0000       7           
2129639      0.5714       7           
2129719      1.0000       4           
2129728      0.8000       5           
2129811      1.0000       4           
2129831      1.0000       5           
2129853      0.7500       4           
2129997      1.0000       6           
2130196      0.8000       10          
2130299      0.5714       7           
2130300      0.7143       7           
2130319      0.8889       9           
2130330      1.0000       5           
2130331      1.0000       10          
2130333      0.8889       9           
2130394      1.0000       2           
2130532      1.0000       5           
2130588      0.5714       7           
2130631      1.0000       2           
2130665      1.0000       7           
2130766      1.0000       2           
2130808      1.0000       11          
2130840      0.5000       4           
2130848      1.0000       6           
2130856      0.5714       7           
2130880      0.7778       9           
2130892      1.0000       4           
2131018      1.0000       2           
2131030      1.0000       2           
2131031      1.0000       2           
2131119      1.0000       7           
2131123      1.0000       3           
2131136      1.0000       4           
2131163      1.0000       2           
2131165      0.8333       6           
2131170      0.6667       6           
2131182      0.6364       11          
2131183      0.5000       6           
2131206      1.0000       5           
2131207      0.5714       7           
2131208      1.0000       6           
2131260      0.6000       5           
2131512      1.0000       5           
2131590      1.0000       2           
2131598      0.8571       7           
2131603      0.5000       4           
2131607      1.0000       2           
2131608      0.6667       6           
2131609      0.6000       5           
2131628      0.7778       9           
2131633      0.6667       3           
2131639      1.0000       6           
2131640      1.0000       5           
2131643      0.4000       5           
2131655      1.0000       2           
2131682      1.0000       7           
2131692      1.0000       9           
2131709      1.0000       7           
2131764      0.6154       13          
2131944      1.0000       2           
2131969      1.0000       2           
2132010      1.0000       13          
2132011      1.0000       5           
2132106      1.0000       7           
2132268      1.0000       2           
2132291      0.7500       4           
2132310      0.7500       8           
2132316      1.0000       5           
2132334      1.0000       4           
2132336      1.0000       2           
2132450      0.9286       14          
2132451      1.0000       4           
2132558      0.3333       3           
2132853      1.0000       7           
2132864      1.0000       15          
2132872      0.7857       14          
2132880      1.0000       5           
2132887      1.0000       8           
2132956      0.8571       7           
2133004      1.0000       2           
2133014      1.0000       2           
2133077      1.0000       14          
2133144      1.0000       5           
2133145      1.0000       2           
2133147      1.0000       7           
2133149      1.0000       7           
2133150      1.0000       10          
2133152      1.0000       7           
2133153      0.8000       5           
2133154      1.0000       4           
2133155      1.0000       2           
2133156      1.0000       5           
2133157      1.0000       12          
2133163      1.0000       6           
2133164      1.0000       15          
2133166      1.0000       6           
2133169      0.7500       4           
2133170      1.0000       9           
2133243      1.0000       4           
2133246      0.4000       5           
2133248      0.6000       5           
2133249      0.3333       9           
2133252      0.5000       6           
2133253      1.0000       7           
2133276      0.5000       8           
2133319      1.0000       5           
2133327      1.0000       3           
2133339      0.6667       3           
2133435      1.0000       2           
2133436      1.0000       2           
2133582      1.0000       2           
2133583      1.0000       2           
2133714      1.0000       7           
2133756      1.0000       3           
2133757      1.0000       2           
2133822      1.0000       5           
2133851      0.6000       5           
2133852      0.5000       8           
2133908      1.0000       12          
2133997      0.9000       10          
2134118      0.3333       3           
2134135      0.5000       6           
2134175      1.0000       3           
2134251      1.0000       5           
2134253      1.0000       17          
2134270      0.6000       5           
2134277      1.0000       2           
2134278      1.0000       16          
2134288      1.0000       12          
2134289      0.8889       9           
2134291      1.0000       5           
2134300      1.0000       12          
2134315      1.0000       7           
2134335      1.0000       7           
2134384      0.6667       6           
2134385      0.7000       10          
2134566      1.0000       2           
2134686      0.6667       6           
2134773      0.8333       6           
2134775      1.0000       4           
2134790      1.0000       9           
2134810      0.8000       5           
2134902      1.0000       5           
2134903      1.0000       6           
2134904      1.0000       6           
2134913      0.6667       3           
2134915      1.0000       8           
2134932      1.0000       7           
2134933      1.0000       2           
2134947      0.9091       11          
2134957      1.0000       4           
2134972      1.0000       6           
2134980      1.0000       11          
2134981      0.7143       7           
2134991      0.5000       4           
2134993      0.7500       4           
2134997      1.0000       12          
2135015      1.0000       9           
2135019      0.4286       7           
2135044      0.8000       5           
2135045      1.0000       9           
2135059      1.0000       7           
2135152      0.7500       4           
2135313      1.0000       5           
2135375      1.0000       2           
2135498      0.4000       5           
2135593      1.0000       2           
2135639      1.0000       3           
2135650      1.0000       7           
2135672      1.0000       9           
2135834      1.0000       8           
2135840      0.8333       6           
2135847      1.0000       6           
2135848      0.9000       10          
2135877      0.8000       5           
2135878      1.0000       8           
2135882      1.0000       8           
2135890      0.7143       7           
2135897      1.0000       2           
2135898      1.0000       2           
2136029      1.0000       11          
2136037      0.8889       9           
2136049      1.0000       5           
2136050      1.0000       5           
2136065      1.0000       11          
2136071      0.8889       9           
2136094      1.0000       8           
2136110      1.0000       7           
2136116      0.6667       3           
2136122      1.0000       2           
2136135      0.6667       6           
2136137      1.0000       3           
2136138      1.0000       2           
2136149      1.0000       12          
2136150      1.0000       9           
2136267      1.0000       2           
2136281      1.0000       3           
2136293      0.5000       2           
2136326      0.5714       7           
2136350      0.5000       2           
2136366      1.0000       4           
2136376      1.0000       2           
2136397      1.0000       6           
2136464      0.8571       7           
2136480      1.0000       2           
2136498      1.0000       11          
2136531      1.0000       7           
2136535      1.0000       7           
2136537      0.6667       3           
2136541      1.0000       17          
2136544      1.0000       6           
2136560      0.8333       12          
2136561      1.0000       7           
2136565      0.6000       5           
2136570      1.0000       6           
2136579      1.0000       2           
2136594      1.0000       6           
2136595      0.6667       6           
2136605      1.0000       7           
2136606      1.0000       6           
2136622      0.9000       10          
2136623      1.0000       9           
2136639      1.0000       9           
2136657      1.0000       5           
2136658      1.0000       8           
2136823      1.0000       3           
2136860      1.0000       2           
2136999      1.0000       5           
2137136      1.0000       3           
2137140      1.0000       8           
2137146      1.0000       4           
2137153      1.0000       9           
2137176      1.0000       7           
2137178      1.0000       4           
2137189      0.5000       8           
2137440      1.0000       2           
2137663      0.5714       7           
2137716      0.8571       7           
2137752      1.0000       4           
2137923      1.0000       2           
2137930      0.8000       10          
2137952      1.0000       14          
2137953      0.6154       13          
2137955      0.5714       7           
2137957      1.0000       7           
2137970      0.6154       13          
2138263      1.0000       2           
2138361      1.0000       11          
2138420      0.8333       6           
2138421      0.7000       10          
2138443      0.6667       6           
2138480      0.6250       8           
2138740      1.0000       3           
2138770      1.0000       5           
2138775      1.0000       4           
2138776      1.0000       5           
2138777      1.0000       9           
2138778      1.0000       19          
2138779      1.0000       5           
2138788      1.0000       6           
2138806      1.0000       4           
2138807      1.0000       6           
2138808      1.0000       4           
2138809      0.6000       5           
2138818      0.8333       6           
2138820      0.6000       5           
2138867      1.0000       10          
2139002      1.0000       8           
2139026      1.0000       7           
2139044      1.0000       4           
2139063      1.0000       4           
2139067      1.0000       8           
2139070      1.0000       3           
2139071      1.0000       11          
2139290      1.0000       8           
2139318      1.0000       2           
2139327      1.0000       9           
2139561      1.0000       12          
2139566      0.6667       9           
2139593      1.0000       3           
2139641      0.7143       7           
2139703      1.0000       7           
2139711      1.0000       5           
2139714      1.0000       7           
2139715      1.0000       8           
2139716      1.0000       9           
2139720      1.0000       5           
2139722      1.0000       5           
2139725      1.0000       11          
2139726      1.0000       7           
2139735      1.0000       5           
2139745      1.0000       8           
2139767      1.0000       8           
2139769      0.7778       9           
2139770      1.0000       9           
2139775      1.0000       7           
2139780      0.4286       7           
2139781      1.0000       7           
2139810      1.0000       2           
2139836      0.5000       6           
2139850      0.8000       5           
2139915      1.0000       8           
2140005      1.0000       6           
2140126      0.8000       5           
2140217      1.0000       5           
2140283      0.7500       4           
2140355      1.0000       4           
2140486      0.6667       9           
2140489      0.8333       6           
2140490      1.0000       5           
2140493      1.0000       3           
2140497      1.0000       7           
2140502      1.0000       8           
2140531      0.6000       5           
2140533      1.0000       7           
2140554      1.0000       2           
2140560      1.0000       6           
2140603      1.0000       2           
2140683      0.7857       14          
2140745      0.8571       7           
2140746      0.5714       7           
2140762      0.6667       3           
2140790      1.0000       2           
2140799      1.0000       2           
2140800      1.0000       3           
2140847      1.0000       8           
2140862      0.6667       3           
2140863      1.0000       2           
2140870      1.0000       8           
2140871      1.0000       10          
2140873      0.7500       4           
2140891      1.0000       5           
2140896      1.0000       6           
2140899      1.0000       5           
2140900      1.0000       8           
2140916      1.0000       9           
2140918      0.8333       6           
2140919      1.0000       19          
2140933      0.7500       4           
2140935      0.4286       14          
2140956      0.4545       11          
2140957      1.0000       8           
2140971      0.6667       6           
2140972      0.7000       10          
2140973      1.0000       4           
2140974      1.0000       6           
2140985      0.5556       9           
2140987      1.0000       5           
2140992      1.0000       7           
2140996      0.6667       3           
2141031      1.0000       7           
2141034      0.6000       5           
2141075      1.0000       4           
2141285      1.0000       4           
2141287      1.0000       5           
2141299      1.0000       2           
2141528      1.0000       8           
2141549      1.0000       14          
2141613      0.6667       9           
2141709      1.0000       3           
2141748      1.0000       6           
2141749      0.6000       5           
2141756      0.5714       7           
2141783      0.6667       3           
2141973      1.0000       4           
2141988      1.0000       2           
2142055      1.0000       8           
2142060      0.4000       10          
2142063      0.6250       8           
2142067      0.8000       5           
2142124      0.9167       12          
2142137      0.7143       7           
2142138      1.0000       11          
2142160      1.0000       7           
2142163      1.0000       6           
2142249      1.0000       3           
2142251      1.0000       4           
2142593      0.5000       4           
2142606      0.3333       3           
2142857      1.0000       2           
2142924      1.0000       2           
2142938      0.5000       6           
2142967      1.0000       9           
2142970      1.0000       5           
2142994      0.6250       8           
2142996      0.3333       9           
2143003      1.0000       14          
2143023      1.0000       4           
2143061      1.0000       9           
2143127      1.0000       7           
2143169      0.8333       6           
2143296      1.0000       3           
2143300      0.8571       14          
2143317      1.0000       4           
2143365      1.0000       2           
2143394      0.7143       7           
2143395      0.8000       5           
2143396      1.0000       7           
2143407      1.0000       14          
2143519      1.0000       2           
2143528      0.8333       6           
2143530      0.8889       9           
2143535      1.0000       7           
2143537      1.0000       10          
2143540      1.0000       7           
2143545      0.5714       7           
2143547      1.0000       5           
2143548      0.8889       9           
2143555      1.0000       6           
2143650      0.6667       6           
2143691      0.3333       3           
2143696      0.5714       7           
2143698      1.0000       2           
2143699      1.0000       5           
2143701      1.0000       10          
2143719      1.0000       7           
2143745      1.0000       5           
2143746      1.0000       8           
2143751      1.0000       10          
2143752      1.0000       4           
2143754      1.0000       5           
2143755      1.0000       9           
2143757      0.5000       10          
2143761      1.0000       5           
2143762      0.8000       5           
2143763      1.0000       5           
2143765      1.0000       5           
2143768      0.7500       4           
2143769      1.0000       4           
2143770      0.8000       5           
2143773      1.0000       12          
2143784      1.0000       13          
2143785      1.0000       5           
2143808      0.7143       7           
2143810      1.0000       8           
2143811      1.0000       9           
2143838      1.0000       2           
2143840      1.0000       5           
2143842      1.0000       13          
2143843      1.0000       6           
2143848      1.0000       7           
2143849      0.5000       6           
2143850      0.7778       9           
2143892      1.0000       10          
2143897      1.0000       5           
2143908      1.0000       9           
2144048      1.0000       5           
2144049      1.0000       3           
2144070      1.0000       7           
2144103      1.0000       4           
2144149      1.0000       5           
2144150      1.0000       5           
2144163      1.0000       5           
2144197      1.0000       2           
2144213      1.0000       2           
2144221      0.7500       4           
2144368      0.7500       4           
2144369      1.0000       6           
2144435      0.7500       4           
2144440      1.0000       6           
2144650      0.8000       10          
2144673      0.5000       4           
2144779      1.0000       7           
2144795      0.5000       2           
2144802      1.0000       4           
2144941      1.0000       9           
2144960      1.0000       7           
2144961      1.0000       9           
2144964      1.0000       5           
2144980      1.0000       6           
2144985      0.6000       5           
2145228      1.0000       2           
2145254      1.0000       2           
2145458      0.7500       8           
2145462      1.0000       2           
2145483      1.0000       2           
2145504      0.5000       4           
2145518      1.0000       3           
2145565      1.0000       2           
2145668      0.5000       4           
2145781      1.0000       4           
2145786      1.0000       2           
2145789      1.0000       6           
2145805      1.0000       5           
2145847      0.8333       6           
2145852      1.0000       2           
2145971      1.0000       3           
2146018      1.0000       3           
2146077      1.0000       10          
2146171      1.0000       4           
2146174      0.8000       5           
2146179      0.9000       10          
2146183      0.8000       5           
2146190      1.0000       6           
2146191      0.4000       5           
2146196      1.0000       2           
2146198      1.0000       7           
2146214      0.6250       8           
2146217      1.0000       7           
2146218      0.8000       5           
2146219      0.4000       5           
2146220      1.0000       4           
2146222      0.6000       5           
2146223      1.0000       18          
2146233      1.0000       8           
2146235      1.0000       7           
2146237      0.4000       5           
2146238      1.0000       2           
2146240      1.0000       16          
2146247      0.8000       5           
2146250      1.0000       5           
2146252      1.0000       6           
2146259      0.7500       4           
2146262      1.0000       6           
2146288      1.0000       7           
2146290      1.0000       5           
2146291      1.0000       7           
2146331      0.7647       17          
2146335      0.8889       9           
2146346      0.5556       9           
2146586      1.0000       4           
2146655      1.0000       8           
2146664      0.8000       10          
2146666      1.0000       9           
2146690      1.0000       2           
2146696      1.0000       5           
2146905      0.8333       6           
2147080      0.9643       28          
2147084      1.0000       5           
2147131      1.0000       13          
2147317      1.0000       9           
2147401      0.6667       6           
2147402      1.0000       5           
2147413      1.0000       2           
2147455      1.0000       8           
2147463      0.8571       7           
2147555      0.7143       7           
2147572      0.6667       3           
2147595      0.7143       7           
2147605      0.6667       6           
2147610      0.5000       4           
2147658      1.0000       5           
2147664      1.0000       13          
2147787      0.5000       2           
2147890      1.0000       3           
2147929      1.0000       4           
2148166      1.0000       2           
2148176      1.0000       11          
2148287      0.7500       8           
2148288      0.6000       5           
2148289      1.0000       7           
2148380      1.0000       5           
2148383      0.5000       6           
2148405      1.0000       2           
2148418      0.6000       5           
2148427      0.7500       8           
2148434      0.6000       5           
2148435      1.0000       6           
2148437      1.0000       6           
2148542      0.6667       3           
2148572      1.0000       3           
2148580      1.0000       2           
2148640      1.0000       6           
2148641      1.0000       5           
2148654      1.0000       8           
2148666      1.0000       4           
2148670      1.0000       11          
2148681      0.6667       6           
2148682      1.0000       2           
2148688      1.0000       9           
2148691      1.0000       6           
2148707      0.6154       13          
2148730      0.7778       9           
2148733      0.9000       10          
2148752      1.0000       8           
2148897      1.0000       2           
2149060      0.5000       2           
2149110      0.8000       5           
2149283      1.0000       6           
2149459      1.0000       10          
2149496      0.6667       6           
2149499      0.5000       4           
2149500      0.6250       8           
2149503      1.0000       2           
2149517      0.6667       3           
2149637      1.0000       6           
2149697      1.0000       7           
2149703      0.7500       8           
2149734      0.7778       9           
2149736      0.4545       11          
2149761      1.0000       5           
2149767      0.8571       7           
2149768      1.0000       2           
2149773      1.0000       3           
2150015      0.8333       6           
2150057      1.0000       8           
2150060      1.0000       8           
2150062      0.8571       7           
2150066      1.0000       7           
2150075      1.0000       7           
2150078      0.5714       7           
2150080      1.0000       7           
2150085      1.0000       6           
2150089      1.0000       2           
2150098      0.8571       7           
2150106      0.6000       5           
2150107      0.8000       5           
2150108      0.7143       7           
2150131      1.0000       5           
2150168      0.8333       6           
2150170      0.6923       13          
2150174      0.7143       7           
2150177      1.0000       5           
2150181      1.0000       5           
2150191      1.0000       4           
2150197      1.0000       2           
2150199      1.0000       2           
2150201      1.0000       9           
2150209      0.7273       11          
2150210      1.0000       7           
2150222      0.4000       5           
2150223      0.6000       5           
2150224      0.3333       3           
2150226      1.0000       5           
2150227      1.0000       5           
2150238      0.8333       6           
2150245      1.0000       7           
2150359      1.0000       2           
2150635      1.0000       4           
2150640      0.6667       3           
2150641      1.0000       3           
2150657      1.0000       3           
2150658      1.0000       12          
2150682      0.7500       8           
2150854      1.0000       2           
2150855      0.8333       6           
2151026      1.0000       2           
2151091      1.0000       10          
2151095      1.0000       7           
2151097      1.0000       3           
2151099      1.0000       5           
2151109      1.0000       7           
2151112      1.0000       11          
2151113      1.0000       5           
2151422      0.7500       8           
2151523      1.0000       7           
2151524      1.0000       5           
2151540      0.6250       8           
2151587      0.7778       9           
2151652      1.0000       3           
2151846      0.7143       7           
2151899      1.0000       8           
2152091      0.3333       6           
2152124      1.0000       23          
2152140      1.0000       7           
2152150      0.6667       6           
2152160      1.0000       6           
2152162      0.6667       6           
2152246      0.7778       9           
2152325      1.0000       12          
2152374      1.0000       7           
2152377      0.6000       5           
2152378      1.0000       5           
2152379      1.0000       14          
2152381      1.0000       7           
2152399      1.0000       6           
2152404      0.6000       5           
2152405      1.0000       3           
2152406      0.8333       6           
2152426      0.8571       7           
2152442      1.0000       8           
2152458      0.7143       7           
2152459      1.0000       7           
2152462      1.0000       3           
2152468      1.0000       2           
2152495      1.0000       3           
2152503      0.5714       7           
2152513      1.0000       3           
2152516      1.0000       9           
2152518      0.8333       12          
2152531      1.0000       2           
2152540      1.0000       3           
2152543      0.8750       8           
2152556      0.5000       4           
2152562      0.7500       4           
2152564      1.0000       6           
2152572      1.0000       6           
2152574      1.0000       2           
2152602      1.0000       2           
2152718      1.0000       9           
2152737      1.0000       7           
2153007      1.0000       5           
2153018      1.0000       11          
2153030      0.8333       6           
2153032      1.0000       9           
2153097      1.0000       10          
2153313      1.0000       5           
2153320      0.6667       3           
2153412      1.0000       9           
2153448      1.0000       2           
2153543      1.0000       6           
2153546      0.8000       5           
2153555      0.6000       10          
2153556      1.0000       2           
2153561      1.0000       5           
2153576      1.0000       2           
2153598      0.6667       6           
2153783      0.5000       2           
2153859      0.5000       2           
2153913      0.8000       5           
2153914      1.0000       3           
2153922      1.0000       9           
2153923      0.8000       5           
2153925      1.0000       5           
2153955      1.0000       4           
2153964      0.7273       11          
2153991      0.4000       10          
2153997      1.0000       12          
2154135      1.0000       9           
2154138      0.7500       8           
2154139      0.7143       7           
2154182      1.0000       12          
2154232      1.0000       6           
2154353      1.0000       2           
2154361      1.0000       2           
2154363      1.0000       7           
2154382      1.0000       7           
2154419      0.7273       11          
2154521      1.0000       2           
2154527      1.0000       2           
2154637      1.0000       9           
2154638      1.0000       5           
2154641      1.0000       3           
2154672      0.5556       18          
2154673      1.0000       9           
2154674      0.7778       9           
2154676      1.0000       2           
2154696      0.7143       7           
2154721      0.5714       7           
2154722      1.0000       6           
2154723      0.6250       8           
2154724      1.0000       8           
2154728      1.0000       5           
2154801      1.0000       8           
2155099      1.0000       11          
2155151      1.0000       3           
2155240      0.5000       2           
2155265      1.0000       16          
2155266      1.0000       10          
2155267      0.6667       6           
2155281      0.8000       10          
2155284      1.0000       7           
2155287      1.0000       8           
2155288      0.5000       8           
2155316      1.0000       10          
2155331      1.0000       3           
2155403      1.0000       3           
2155467      1.0000       2           
2155515      1.0000       3           
2155587      1.0000       10          
2155602      1.0000       9           
2155606      1.0000       7           
2155609      1.0000       5           
2155618      0.8571       7           
2155647      1.0000       8           
2155676      1.0000       14          
2155731      1.0000       8           
2155747      0.5000       8           
2155814      0.5000       6           
2155837      1.0000       2           
2155853      1.0000       4           
2155861      1.0000       9           
2155867      0.7143       7           
2155881      1.0000       7           
2155885      0.8333       6           
2155886      1.0000       6           
2155887      0.7778       9           
2155888      0.5000       6           
2155897      1.0000       2           
2155913      0.5714       7           
2155917      1.0000       4           
2155918      1.0000       5           
2155921      1.0000       6           
2155940      1.0000       9           
2155983      1.0000       2           
2156147      1.0000       4           
2156150      1.0000       4           
2156209      1.0000       2           
2156309      0.4000       5           
2156525      1.0000       4           
2156546      0.6000       5           
2156564      1.0000       5           
2156569      0.6667       6           
2156629      1.0000       10          
2156630      0.5455       11          
2156634      0.5000       2           
2156654      0.7778       9           
2156655      0.8750       8           
2156681      0.6667       3           
2156721      1.0000       14          
2156839      0.8750       8           
2156855      0.8750       8           
2156870      0.6000       10          
2156887      1.0000       14          
2157006      1.0000       2           
2157079      1.0000       7           
2157133      1.0000       2           
2157333      1.0000       8           
2157337      1.0000       7           
2157338      0.5000       12          
2157339      0.5556       9           
2157368      1.0000       5           
2157370      0.7143       7           
2157376      1.0000       2           
2157379      0.6667       9           
2157382      1.0000       7           
2157460      1.0000       3           
2157523      0.5000       2           
2157534      1.0000       5           
2157536      1.0000       10          
2157566      1.0000       7           
2157688      1.0000       2           
2157696      1.0000       3           
2157786      1.0000       11          
2157797      0.3333       6           
2157802      0.9231       13          
2157814      1.0000       4           
2157849      1.0000       4           
2157925      0.7778       9           
