Event 5 Statistics:
Number of clusters: 1550
Average connectivity: 0.8944
Average track length: 6.21
Noise contamination: 100944 noise points, 9624 signal points
Signal-to-noise ratio: 0.10
Average noise ratio: 0.6472

Detailed Cluster Metrics:
Cluster ID   Connectivity Track Length
----------------------------------------
5000000      1.0000       5           
5000003      1.0000       9           
5000004      0.7500       8           
5000005      1.0000       14          
5000011      0.8000       5           
5000015      1.0000       2           
5000028      0.6667       6           
5000031      1.0000       2           
5000033      1.0000       6           
5000036      1.0000       9           
5000037      0.8750       8           
5000038      1.0000       6           
5000057      0.5000       6           
5000064      1.0000       8           
5000065      1.0000       8           
5000066      1.0000       10          
5000085      0.7143       7           
5000086      0.8333       6           
5000087      1.0000       5           
5000088      1.0000       8           
5000089      1.0000       7           
5000097      1.0000       8           
5000099      1.0000       5           
5000100      1.0000       12          
5000102      1.0000       9           
5000103      0.6000       5           
5000104      1.0000       4           
5000105      0.8000       5           
5000106      0.8000       5           
5000108      0.7500       4           
5000109      1.0000       7           
5000112      0.5000       2           
5000126      0.6000       10          
5000173      1.0000       3           
5000184      1.0000       6           
5000230      1.0000       3           
5000235      1.0000       3           
5000243      1.0000       2           
5000292      1.0000       9           
5000306      1.0000       3           
5000369      1.0000       2           
5000372      1.0000       4           
5036102      0.8000       5           
5071671      1.0000       4           
5080741      1.0000       4           
5092915      0.6667       3           
5096130      0.4000       5           
5107395      1.0000       2           
5121190      1.0000       6           
5121194      1.0000       5           
5121196      1.0000       17          
5121197      1.0000       2           
5121203      0.5000       4           
5121225      1.0000       10          
5121404      1.0000       2           
5121601      1.0000       2           
5121610      1.0000       2           
5121775      1.0000       3           
5121900      1.0000       7           
5121903      0.7143       7           
5121920      1.0000       4           
5121921      1.0000       13          
5121923      0.8571       7           
5121924      0.5000       6           
5121925      1.0000       8           
5121933      0.8571       7           
5121936      1.0000       10          
5121958      0.7000       10          
5121980      1.0000       6           
5121997      0.8000       5           
5122002      1.0000       11          
5122010      1.0000       2           
5122012      0.8571       7           
5122015      1.0000       6           
5122023      1.0000       5           
5122027      0.5714       14          
5122180      1.0000       2           
5122282      0.5000       6           
5122334      1.0000       5           
5122394      1.0000       7           
5122465      0.8333       6           
5122493      0.7500       4           
5122662      1.0000       4           
5122690      1.0000       3           
5122693      1.0000       5           
5122756      1.0000       8           
5122759      1.0000       8           
5122784      0.7500       8           
5123011      1.0000       7           
5123018      1.0000       5           
5123032      0.7333       15          
5123034      0.8889       9           
5123038      0.6667       3           
5123041      1.0000       4           
5123043      0.6667       9           
5123057      1.0000       9           
5123059      1.0000       7           
5123079      1.0000       12          
5123089      1.0000       11          
5123105      1.0000       4           
5123126      1.0000       4           
5123153      1.0000       3           
5123417      1.0000       5           
5123418      0.6667       3           
5123620      1.0000       6           
5123623      1.0000       2           
5123633      1.0000       12          
5123764      1.0000       9           
5123774      1.0000       3           
5123896      0.7143       7           
5123945      0.7500       4           
5124174      0.7500       4           
5124250      1.0000       10          
5124367      1.0000       18          
5124381      1.0000       8           
5124384      1.0000       5           
5124386      0.5000       2           
5124412      0.7143       7           
5124417      1.0000       6           
5124418      1.0000       12          
5124436      1.0000       13          
5124437      1.0000       8           
5124451      1.0000       4           
5124454      0.8571       7           
5124479      0.5000       4           
5124480      1.0000       2           
5124482      0.8000       5           
5124486      0.9000       10          
5124487      0.7500       12          
5124516      1.0000       14          
5124608      1.0000       6           
5124719      1.0000       2           
5124762      0.5000       2           
5124764      1.0000       5           
5124850      1.0000       6           
5124914      1.0000       9           
5124973      1.0000       2           
5124984      1.0000       2           
5124993      1.0000       8           
5125043      1.0000       13          
5125048      1.0000       6           
5125059      1.0000       9           
5125060      1.0000       2           
5125107      1.0000       2           
5125153      1.0000       4           
5125167      1.0000       4           
5125224      1.0000       2           
5125310      1.0000       4           
5125381      1.0000       3           
5125387      1.0000       4           
5125469      1.0000       6           
5125475      1.0000       7           
5125476      1.0000       13          
5125493      1.0000       5           
5125497      0.8000       5           
5125500      0.6000       5           
5125511      0.8000       5           
5125518      1.0000       4           
5125519      1.0000       6           
5125521      1.0000       11          
5125522      0.5000       8           
5125523      0.4000       5           
5125526      1.0000       6           
5125527      1.0000       7           
5125529      1.0000       4           
5125536      0.6000       5           
5125538      0.7500       4           
5125541      1.0000       5           
5125542      1.0000       16          
5125543      1.0000       10          
5125545      1.0000       2           
5125565      0.6250       8           
5125566      1.0000       7           
5125567      0.6667       6           
5125575      1.0000       7           
5125613      1.0000       3           
5125620      1.0000       4           
5125621      0.5556       9           
5125627      1.0000       2           
5125634      1.0000       7           
5125635      1.0000       13          
5125638      1.0000       3           
5125664      1.0000       4           
5125665      1.0000       9           
5125668      1.0000       11          
5125669      1.0000       5           
5125671      0.6667       12          
5125676      1.0000       2           
5125723      0.7500       4           
5125725      1.0000       2           
5125808      0.6667       6           
5125930      0.5556       9           
5125932      1.0000       6           
5126019      1.0000       4           
5126286      1.0000       6           
5126323      1.0000       6           
5126356      1.0000       2           
5126379      0.9091       11          
5126389      1.0000       5           
5126396      1.0000       4           
5126409      1.0000       5           
5126410      1.0000       7           
5126413      1.0000       6           
5126415      1.0000       14          
5126426      1.0000       9           
5126434      0.5714       7           
5126435      0.8333       6           
5126443      1.0000       3           
5126446      1.0000       7           
5126476      0.5000       2           
5126502      1.0000       5           
5126507      1.0000       2           
5126511      1.0000       8           
5126512      0.5714       7           
5126513      1.0000       8           
5126520      1.0000       4           
5126522      1.0000       17          
5126523      0.5000       8           
5126533      0.5000       6           
5126546      1.0000       6           
5126551      1.0000       9           
5126552      1.0000       7           
5126553      1.0000       5           
5126555      1.0000       12          
5126561      1.0000       4           
5126582      1.0000       8           
5126583      1.0000       14          
5126599      0.6250       8           
5126601      0.5714       7           
5126754      1.0000       2           
5126813      1.0000       5           
5126817      1.0000       4           
5126908      1.0000       3           
5126951      1.0000       5           
5127009      1.0000       4           
5127017      1.0000       3           
5127021      1.0000       7           
5127149      0.8889       9           
5127154      1.0000       3           
5127223      1.0000       5           
5127227      1.0000       5           
5127231      0.3333       3           
5127245      0.5000       2           
5127306      1.0000       5           
5127363      0.6667       6           
5127379      1.0000       13          
5127556      0.6000       5           
5127557      0.4000       5           
5127567      0.8889       9           
5127568      1.0000       14          
5127571      0.7500       8           
5127573      1.0000       4           
5127579      0.8889       9           
5127581      1.0000       11          
5127629      1.0000       9           
5127630      1.0000       5           
5127634      0.5714       7           
5127639      1.0000       2           
5127649      1.0000       4           
5127704      1.0000       4           
5127842      0.6250       8           
5127952      1.0000       5           
5127969      0.5000       8           
5127979      1.0000       3           
5128043      1.0000       3           
5128196      1.0000       6           
5128197      1.0000       3           
5128201      0.6250       8           
5128205      0.9000       10          
5128206      1.0000       6           
5128208      0.6667       6           
5128229      1.0000       8           
5128234      0.5714       7           
5128237      1.0000       17          
5128239      1.0000       12          
5128241      1.0000       11          
5128242      1.0000       8           
5128255      1.0000       4           
5128257      0.8750       8           
5128258      0.7500       4           
5128260      1.0000       5           
5128261      1.0000       5           
5128268      1.0000       7           
5128269      0.4444       9           
5128284      0.8889       9           
5128286      0.8333       12          
5128304      0.5556       9           
5128329      1.0000       17          
5128330      1.0000       5           
5128331      1.0000       14          
5128350      0.8333       6           
5128351      1.0000       8           
5128375      1.0000       4           
5128422      1.0000       2           
5128468      0.5556       9           
5128506      1.0000       5           
5128582      1.0000       2           
5128628      1.0000       4           
5128629      1.0000       2           
5128667      1.0000       3           
5128718      1.0000       2           
5128859      1.0000       3           
5128864      1.0000       5           
5128866      1.0000       5           
5128874      1.0000       2           
5128876      1.0000       2           
5128887      1.0000       8           
5128900      0.7500       4           
5128912      0.6667       6           
5128930      1.0000       12          
5128943      0.7500       8           
5128958      1.0000       4           
5129162      1.0000       5           
5129175      0.7778       9           
5129182      0.5714       7           
5129184      0.5000       6           
5129187      1.0000       12          
5129188      0.5714       7           
5129189      1.0000       8           
5129190      1.0000       13          
5129193      0.6250       8           
5129199      1.0000       11          
5129204      0.6000       10          
5129209      0.5714       7           
5129215      1.0000       6           
5129216      1.0000       8           
5129219      1.0000       5           
5129223      1.0000       2           
5129247      1.0000       8           
5129248      1.0000       10          
5129249      1.0000       2           
5129261      0.5000       4           
5129262      1.0000       14          
5129269      0.7143       7           
5129273      1.0000       3           
5129280      1.0000       10          
5129287      0.6667       6           
5129289      0.5000       4           
5129309      0.6667       3           
5129310      1.0000       6           
5129406      1.0000       8           
5129439      1.0000       7           
5129443      1.0000       7           
5129535      1.0000       6           
5129562      0.6667       3           
5129645      1.0000       2           
5129648      1.0000       4           
5129715      1.0000       2           
5129793      1.0000       8           
5129866      1.0000       7           
5129867      1.0000       5           
5129878      0.7500       4           
5129879      0.8750       8           
5129880      1.0000       5           
5129886      0.5714       7           
5129890      0.6667       3           
5129892      1.0000       2           
5129901      0.7000       10          
5129902      1.0000       11          
5129904      1.0000       5           
5129905      0.3333       3           
5129973      0.5714       7           
5130042      1.0000       7           
5130043      0.4286       7           
5130052      1.0000       12          
5130155      0.6667       6           
5130187      0.6000       5           
5130387      1.0000       5           
5130389      0.8333       6           
5130390      1.0000       3           
5130397      1.0000       9           
5130401      0.5556       9           
5130410      0.5000       6           
5130418      1.0000       7           
5130437      0.5000       6           
5130438      1.0000       7           
5130441      1.0000       13          
5130454      1.0000       9           
5130456      1.0000       7           
5130467      0.5000       2           
5130482      1.0000       8           
5130483      1.0000       22          
5130484      0.8750       8           
5130485      1.0000       4           
5130490      1.0000       2           
5130491      1.0000       4           
5130492      0.8000       5           
5130494      0.6000       5           
5130503      1.0000       7           
5130515      1.0000       3           
5130517      1.0000       7           
5130519      1.0000       10          
5130522      1.0000       3           
5130533      1.0000       6           
5130544      1.0000       2           
5130567      1.0000       7           
5130569      0.8000       5           
5130570      1.0000       9           
5130593      1.0000       2           
5130603      1.0000       9           
5130760      1.0000       6           
5130878      1.0000       4           
5130923      1.0000       6           
5131010      1.0000       2           
5131088      1.0000       4           
5131106      1.0000       5           
5131199      1.0000       4           
5131204      1.0000       3           
5131268      0.5000       2           
5131270      1.0000       5           
5131282      0.6667       6           
5131284      1.0000       7           
5131320      1.0000       3           
5131440      0.8571       7           
5131442      1.0000       7           
5131443      0.5714       7           
5131450      0.6667       3           
5131460      1.0000       2           
5131470      1.0000       6           
5131506      0.5000       4           
5131563      1.0000       3           
5131593      1.0000       8           
5131674      0.5000       2           
5131677      1.0000       7           
5131769      0.8000       5           
5131771      0.4000       5           
5131773      1.0000       2           
5131776      0.6667       3           
5131785      1.0000       16          
5131795      1.0000       2           
5131816      0.6000       5           
5131832      1.0000       16          
5132080      1.0000       2           
5132199      1.0000       8           
5132201      1.0000       7           
5132202      0.9231       13          
5132203      1.0000       5           
5132204      1.0000       4           
5132217      0.9167       12          
5132228      1.0000       9           
5132243      1.0000       6           
5132244      0.5000       6           
5132272      0.5000       2           
5132288      1.0000       2           
5132312      0.8000       5           
5132317      1.0000       7           
5132319      1.0000       2           
5132335      1.0000       14          
5132618      1.0000       2           
5132692      1.0000       2           
5132723      1.0000       3           
5132787      1.0000       5           
5132790      0.6667       9           
5132801      0.8750       8           
5132808      1.0000       5           
5132822      1.0000       10          
5132823      0.5000       6           
5132825      0.9000       10          
5132826      1.0000       4           
5132830      1.0000       5           
5132831      0.7500       4           
5132832      1.0000       5           
5132833      1.0000       6           
5132838      1.0000       9           
5132840      1.0000       9           
5132864      0.6000       5           
5132865      1.0000       6           
5132867      0.8000       5           
5132886      0.7500       4           
5132890      1.0000       3           
5132891      1.0000       5           
5132892      0.5000       4           
5132950      1.0000       2           
5132971      1.0000       2           
5133053      1.0000       12          
5133079      1.0000       3           
5133101      1.0000       11          
5133109      1.0000       5           
5133144      1.0000       2           
5133216      1.0000       5           
5133225      1.0000       6           
5133238      1.0000       3           
5133255      0.7500       8           
5133266      1.0000       2           
5133291      1.0000       5           
5133336      0.5385       13          
5133338      0.7500       4           
5133345      0.6667       6           
5133346      0.6667       6           
5133364      1.0000       7           
5133365      1.0000       4           
5133370      1.0000       6           
5133379      1.0000       7           
5133381      0.3333       6           
5133390      1.0000       10          
5133397      0.6000       5           
5133403      1.0000       4           
5133504      1.0000       2           
5133629      1.0000       2           
5133664      0.5000       2           
5133756      0.8333       6           
5133763      0.7500       8           
5133837      1.0000       10          
5133847      0.7778       9           
5133848      1.0000       4           
5133864      0.6000       5           
5133866      1.0000       13          
5133874      0.8889       9           
5133888      0.5000       2           
5133894      1.0000       3           
5133909      1.0000       2           
5133910      0.6429       14          
5133943      1.0000       5           
5134099      0.6000       5           
5134100      0.5000       6           
5134213      0.5000       2           
5134241      1.0000       9           
5134245      1.0000       9           
5134291      1.0000       5           
5134300      0.5000       12          
5134312      1.0000       7           
5134317      0.8571       7           
5134349      1.0000       9           
5134562      1.0000       10          
5134568      1.0000       10          
5134613      1.0000       2           
5134713      1.0000       7           
5134769      0.7143       7           
5134932      1.0000       4           
5135044      1.0000       4           
5135114      1.0000       2           
5135123      1.0000       4           
5135299      1.0000       4           
5135304      0.7500       4           
5135517      0.5556       9           
5135545      1.0000       3           
5135549      0.6000       5           
5135555      1.0000       5           
5135567      1.0000       9           
5135568      0.5000       2           
5135602      1.0000       10          
5135603      1.0000       5           
5135614      0.6250       8           
5135615      1.0000       6           
5135621      1.0000       2           
5135622      0.8333       6           
5135631      0.8571       7           
5135724      1.0000       5           
5135727      1.0000       11          
5135748      1.0000       5           
5135879      1.0000       10          
5135942      1.0000       7           
5135943      1.0000       4           
5135989      0.5000       4           
5136093      1.0000       2           
5136096      1.0000       5           
5136108      1.0000       5           
5136115      1.0000       4           
5136124      0.8571       7           
5136126      0.4000       5           
5136128      0.6000       5           
5136145      1.0000       5           
5136324      0.7692       13          
5136433      1.0000       2           
5136435      0.5000       2           
5136457      1.0000       8           
5136466      1.0000       7           
5136468      0.6667       6           
5136583      1.0000       5           
5136591      1.0000       2           
5136669      0.7143       7           
5136714      1.0000       2           
5136748      1.0000       10          
5136761      1.0000       6           
5136774      1.0000       6           
5136783      1.0000       5           
5136794      1.0000       2           
5136795      0.6250       8           
5136805      1.0000       5           
5136848      1.0000       4           
5137042      1.0000       5           
5137075      0.8182       11          
5137084      0.4286       7           
5137086      0.6667       6           
5137087      1.0000       2           
5137088      0.8000       5           
5137090      0.5000       4           
5137091      0.6000       5           
5137101      1.0000       6           
5137102      1.0000       17          
5137106      1.0000       9           
5137110      1.0000       20          
5137111      1.0000       4           
5137118      1.0000       5           
5137120      1.0000       5           
5137126      1.0000       5           
5137129      0.6667       6           
5137176      1.0000       7           
5137179      1.0000       8           
5137180      0.4000       10          
5137182      0.9000       10          
5137197      1.0000       9           
5137200      1.0000       9           
5137207      1.0000       8           
5137208      0.6000       15          
5137211      0.7500       4           
5137219      1.0000       6           
5137221      0.5556       18          
5137222      1.0000       5           
5137223      1.0000       5           
5137224      1.0000       5           
5137228      1.0000       7           
5137229      1.0000       5           
5137269      0.5000       4           
5137284      0.8571       7           
5137348      1.0000       3           
5137508      1.0000       11          
5137593      1.0000       7           
5137595      1.0000       3           
5137799      0.8000       5           
5137800      0.4615       13          
5137804      0.5000       2           
5137884      1.0000       3           
5137915      1.0000       5           
5137929      1.0000       3           
5137933      1.0000       2           
5137937      1.0000       10          
5137947      0.8333       12          
5137949      1.0000       5           
5137953      1.0000       10          
5137954      1.0000       12          
5137960      1.0000       6           
5137961      1.0000       8           
5137962      1.0000       12          
5137965      1.0000       2           
5137973      0.5000       6           
5137978      1.0000       7           
5137983      0.5000       6           
5137985      1.0000       9           
5137992      1.0000       10          
5137996      0.8000       5           
5138003      0.6667       9           
5138023      1.0000       4           
5138042      1.0000       5           
5138043      1.0000       9           
5138044      1.0000       5           
5138081      0.6000       5           
5138119      1.0000       11          
5138136      1.0000       17          
5138141      1.0000       8           
5138162      0.6667       3           
5138217      1.0000       2           
5138218      1.0000       2           
5138304      1.0000       2           
5138371      0.5000       4           
5138372      1.0000       3           
5138566      1.0000       4           
5138600      1.0000       13          
5138601      1.0000       7           
5138608      1.0000       2           
5138633      1.0000       2           
5138695      1.0000       10          
5138781      0.3750       8           
5138845      0.5000       6           
5138857      1.0000       4           
5138882      1.0000       7           
5138898      0.6000       5           
5138904      0.6667       3           
5138914      1.0000       9           
5138929      0.6000       5           
5139022      1.0000       4           
5139099      1.0000       3           
5139124      1.0000       2           
5139390      0.7273       11          
5139393      1.0000       17          
5139394      1.0000       7           
5139395      0.8333       6           
5139400      0.6667       3           
5139414      1.0000       14          
5139415      1.0000       3           
5139422      0.6000       5           
5139441      0.4000       5           
5139459      0.8333       6           
5139462      1.0000       8           
5139464      0.6250       8           
5139467      0.5000       6           
5139470      1.0000       5           
5139478      1.0000       4           
5139480      1.0000       7           
5139489      0.6667       6           
5139490      0.5000       6           
5139560      1.0000       2           
5139597      1.0000       2           
5139725      1.0000       9           
5139755      0.8333       6           
5139872      1.0000       5           
5139959      1.0000       10          
5139983      1.0000       3           
5139985      1.0000       4           
5140005      1.0000       6           
5140227      1.0000       15          
5140238      0.6250       8           
5140257      1.0000       8           
5140258      1.0000       5           
5140259      1.0000       8           
5140277      0.6667       6           
5140334      1.0000       2           
5140335      1.0000       6           
5140341      1.0000       2           
5140346      1.0000       2           
5140349      1.0000       10          
5140356      0.8333       6           
5140450      1.0000       5           
5140452      1.0000       2           
5140461      1.0000       2           
5140472      0.6667       6           
5140476      1.0000       7           
5140482      1.0000       7           
5140561      1.0000       3           
5140624      0.5714       7           
5140631      0.8182       11          
5140632      0.6667       3           
5140649      1.0000       13          
5140651      1.0000       4           
5140673      1.0000       6           
5140683      1.0000       9           
5140726      1.0000       7           
5140727      1.0000       6           
5140735      1.0000       7           
5140746      0.8333       12          
5140755      0.7273       11          
5140823      1.0000       2           
5140824      1.0000       3           
5141014      1.0000       2           
5141198      1.0000       2           
5141199      1.0000       11          
5141202      0.6667       6           
5141236      1.0000       3           
5141237      1.0000       9           
5141495      0.8000       5           
5141502      1.0000       9           
5141516      1.0000       8           
5141605      0.8000       5           
5141607      0.8947       19          
5141609      0.6667       6           
5141786      1.0000       4           
5141943      1.0000       4           
5141944      0.4000       5           
5142003      1.0000       2           
5142011      0.6667       3           
5142077      1.0000       6           
5142078      0.4286       7           
5142080      1.0000       5           
5142092      0.5556       9           
5142093      1.0000       7           
5142130      0.8000       5           
5142316      1.0000       2           
5142322      1.0000       4           
5142344      0.5000       8           
5142390      1.0000       7           
5142455      0.8333       6           
5142524      1.0000       7           
5142525      1.0000       5           
5142571      1.0000       5           
5142623      1.0000       3           
5142625      0.4667       15          
5142626      1.0000       9           
5142628      1.0000       2           
5142637      1.0000       6           
5142640      1.0000       13          
5142642      0.8571       7           
5142651      0.6667       9           
5142667      0.4000       5           
5142672      0.8000       5           
5142683      0.6667       3           
5142684      1.0000       13          
5142686      1.0000       2           
5142698      1.0000       2           
5142700      1.0000       6           
5142711      1.0000       6           
5142730      1.0000       5           
5142733      1.0000       9           
5142734      1.0000       9           
5142736      1.0000       6           
5142738      1.0000       2           
5142739      1.0000       5           
5142745      1.0000       5           
5142803      1.0000       11          
5142811      1.0000       8           
5142820      1.0000       4           
5142958      1.0000       3           
5143037      0.5000       2           
5143042      0.8000       5           
5143061      1.0000       4           
5143069      0.5000       4           
5143161      1.0000       7           
5143177      0.8000       5           
5143238      1.0000       4           
5143299      0.7500       4           
5143308      1.0000       8           
5143309      0.8333       6           
5143310      1.0000       3           
5143314      1.0000       5           
5143315      1.0000       5           
5143321      0.7000       10          
5143324      0.3333       3           
5143340      0.5000       4           
5143349      0.7000       10          
5143373      1.0000       14          
5143417      1.0000       7           
5143440      0.7143       7           
5143441      0.5714       7           
5143873      1.0000       3           
5143886      0.5714       7           
5143887      1.0000       4           
5143890      1.0000       7           
5143897      1.0000       8           
5143898      1.0000       9           
5143919      0.8333       6           
5143922      0.7143       7           
5143933      1.0000       18          
5143935      1.0000       5           
5143936      0.8000       5           
5143960      0.8333       6           
5143968      1.0000       9           
5143971      1.0000       6           
5143974      1.0000       9           
5143982      1.0000       7           
5144062      1.0000       3           
5144118      1.0000       2           
5144123      1.0000       3           
5144232      0.5000       2           
5144311      1.0000       9           
5144312      0.8889       9           
5144318      1.0000       6           
5144321      1.0000       8           
5144322      0.8571       7           
5144326      1.0000       2           
5144337      1.0000       10          
5144339      1.0000       6           
5144350      1.0000       9           
5144351      1.0000       2           
5144353      1.0000       8           
5144356      1.0000       6           
5144359      0.8889       9           
5144374      0.5714       7           
5144376      1.0000       9           
5144377      1.0000       5           
5144381      1.0000       4           
5144411      0.4000       5           
5144416      0.5833       12          
5144437      1.0000       5           
5144453      0.4000       5           
5144454      1.0000       5           
5144503      1.0000       2           
5144504      1.0000       5           
5144588      1.0000       2           
5144589      1.0000       3           
5144601      1.0000       2           
5144602      1.0000       2           
5144657      1.0000       2           
5144679      1.0000       2           
5144685      1.0000       7           
5144688      1.0000       9           
5144695      1.0000       2           
5144700      1.0000       3           
5144907      1.0000       5           
5144968      1.0000       4           
5145029      1.0000       16          
5145033      1.0000       2           
5145036      1.0000       11          
5145044      1.0000       6           
5145046      1.0000       7           
5145066      1.0000       2           
5145164      0.7500       4           
5145169      1.0000       2           
5145206      1.0000       7           
5145207      1.0000       2           
5145387      1.0000       4           
5145404      1.0000       2           
5145439      0.5000       2           
5145469      1.0000       6           
5145472      1.0000       5           
5145703      1.0000       5           
5145712      1.0000       15          
5145820      1.0000       12          
5145868      0.8889       9           
5145870      1.0000       7           
5145884      0.8750       8           
5145885      0.5000       8           
5145886      1.0000       7           
5146000      0.8750       8           
5146067      1.0000       10          
5146071      1.0000       6           
5146090      1.0000       14          
5146093      1.0000       8           
5146109      1.0000       8           
5146294      1.0000       6           
5146496      1.0000       19          
5146512      0.5000       6           
5146513      1.0000       7           
5146524      0.8000       5           
5146525      1.0000       2           
5146527      1.0000       4           
5146533      0.8000       5           
5146542      1.0000       5           
5146543      0.3333       6           
5146544      1.0000       5           
5146545      1.0000       5           
5146552      0.6000       5           
5146555      1.0000       8           
5146569      0.8000       10          
5146584      1.0000       12          
5146600      0.6000       5           
5146968      1.0000       7           
5146970      1.0000       7           
5146971      0.7500       16          
5146987      1.0000       2           
5146992      1.0000       2           
5146993      1.0000       2           
5146994      1.0000       7           
5146995      1.0000       6           
5146997      0.7143       7           
5147003      1.0000       10          
5147005      1.0000       5           
5147006      0.4000       5           
5147016      1.0000       5           
5147017      1.0000       6           
5147018      1.0000       6           
5147022      0.8750       8           
5147023      0.5714       7           
5147024      0.6667       6           
5147032      1.0000       7           
5147043      0.6000       5           
5147052      0.4286       7           
5147053      1.0000       6           
5147054      0.9091       11          
5147065      1.0000       3           
5147066      1.0000       7           
5147072      0.5000       12          
5147076      1.0000       4           
5147079      1.0000       7           
5147095      1.0000       10          
5147096      1.0000       7           
5147101      0.7778       9           
5147103      0.6667       6           
5147112      1.0000       7           
5147113      0.6667       9           
5147115      1.0000       4           
5147116      0.6667       3           
5147121      1.0000       12          
5147131      0.8750       8           
5147132      1.0000       8           
5147144      1.0000       5           
5147153      0.8000       5           
5147159      0.8333       12          
5147160      1.0000       7           
5147171      1.0000       7           
5147183      1.0000       11          
5147196      1.0000       3           
5147208      1.0000       8           
5147209      1.0000       2           
5147212      1.0000       5           
5147213      1.0000       6           
5147226      1.0000       2           
5147469      1.0000       2           
5147593      1.0000       3           
5147666      1.0000       3           
5147678      1.0000       2           
5147694      1.0000       11          
5147713      1.0000       6           
5147762      1.0000       8           
5147831      1.0000       9           
5147876      1.0000       5           
5147911      0.6667       9           
5147978      1.0000       2           
5147979      1.0000       2           
5148132      1.0000       2           
5148139      1.0000       3           
5148155      1.0000       13          
5148163      1.0000       4           
5148164      1.0000       3           
5148180      1.0000       6           
5148185      0.6667       3           
5148186      0.7500       4           
5148188      1.0000       8           
5148189      1.0000       7           
5148278      0.7500       4           
5148338      1.0000       6           
5148452      1.0000       6           
5148521      1.0000       6           
5148619      1.0000       2           
5148724      1.0000       3           
5148762      0.8000       10          
5148763      0.6250       8           
5148765      1.0000       7           
5148780      1.0000       6           
5148784      0.5000       6           
5148789      0.5000       2           
5148791      1.0000       3           
5148801      1.0000       3           
5148803      1.0000       11          
5148809      1.0000       7           
5148825      0.8000       5           
5148835      0.6000       5           
5148843      1.0000       7           
5148845      0.5000       4           
5148846      1.0000       4           
5148891      1.0000       2           
5148908      1.0000       2           
5148939      1.0000       7           
5148962      0.6000       5           
5149037      0.9091       11          
5149137      1.0000       4           
5149141      1.0000       4           
5149145      0.5000       4           
5149177      1.0000       3           
5149201      1.0000       2           
5149315      0.8333       6           
5149335      1.0000       7           
5149338      1.0000       11          
5149353      1.0000       8           
5149508      0.6667       3           
5149670      1.0000       7           
5149734      0.7778       9           
5149845      0.5000       2           
5149859      1.0000       11          
5149870      1.0000       3           
5149933      1.0000       9           
5149935      0.8571       7           
5149936      1.0000       14          
5149937      0.6000       5           
5149939      1.0000       4           
5149949      0.6667       9           
5149951      0.2500       8           
5149953      0.5000       8           
5149955      0.6667       6           
5149956      1.0000       2           
5149957      0.7000       10          
5149958      1.0000       8           
5149960      1.0000       3           
5149991      1.0000       3           
5149992      0.7500       8           
5150002      0.8889       9           
5150004      0.8000       5           
5150006      1.0000       4           
5150010      1.0000       6           
5150031      1.0000       5           
5150036      1.0000       5           
5150056      0.8571       7           
5150062      1.0000       7           
5150065      1.0000       3           
5150085      1.0000       13          
5150087      1.0000       14          
5150088      1.0000       5           
5150089      1.0000       5           
5150090      1.0000       9           
5150094      1.0000       9           
5150106      0.6000       5           
5150107      1.0000       8           
5150111      1.0000       5           
5150116      1.0000       2           
5150123      0.5000       4           
5150124      0.6000       5           
5150125      1.0000       6           
5150127      1.0000       2           
5150129      1.0000       10          
5150130      1.0000       7           
5150342      1.0000       2           
5150349      0.8333       6           
5150359      1.0000       2           
5150554      1.0000       4           
5150571      1.0000       2           
5150730      0.7500       4           
5150731      1.0000       2           
5150840      1.0000       2           
5150851      1.0000       5           
5150853      1.0000       3           
5150924      1.0000       5           
5150977      1.0000       5           
5151075      1.0000       2           
5151155      0.7500       4           
5151233      1.0000       11          
5151243      1.0000       3           
5151244      1.0000       5           
5151245      0.6667       6           
5151247      1.0000       14          
5151248      1.0000       5           
5151251      1.0000       5           
5151254      1.0000       12          
5151255      0.4000       5           
5151256      0.6667       6           
5151259      0.5000       8           
5151263      1.0000       11          
5151279      1.0000       14          
5151310      0.6667       6           
5151311      0.5714       7           
5151314      1.0000       5           
5151319      1.0000       11          
5151320      1.0000       10          
5151321      1.0000       11          
5151329      0.6000       5           
5151330      1.0000       6           
5151331      1.0000       16          
5151411      1.0000       3           
5151479      1.0000       3           
5151538      1.0000       3           
5151593      1.0000       4           
5151624      1.0000       2           
5151641      1.0000       7           
5151708      1.0000       14          
5151777      1.0000       11          
5151780      1.0000       5           
5151802      1.0000       8           
5151912      0.6000       5           
5151934      1.0000       5           
5151941      0.8571       7           
5151942      1.0000       5           
5152222      1.0000       2           
5152278      1.0000       2           
5152282      1.0000       2           
5152284      0.5000       4           
5152287      1.0000       11          
5152292      1.0000       2           
5152318      1.0000       10          
5152322      1.0000       12          
5152365      1.0000       4           
5152384      1.0000       3           
5152443      1.0000       3           
5152612      1.0000       14          
5152613      1.0000       2           
5152729      1.0000       2           
5152741      1.0000       2           
5152762      0.6000       5           
5152764      1.0000       11          
5152784      0.3000       10          
5152785      1.0000       7           
5152786      1.0000       5           
5152805      0.6667       9           
5152806      1.0000       7           
5152815      0.7143       14          
5152818      1.0000       7           
5152819      1.0000       2           
5152820      1.0000       8           
5152822      1.0000       4           
5152843      1.0000       2           
5152885      0.3333       9           
5152895      0.7500       8           
5152908      1.0000       9           
5153046      1.0000       2           
5153127      1.0000       2           
5153170      1.0000       2           
5153279      1.0000       10          
5153401      0.7500       4           
5153470      1.0000       10          
5153471      1.0000       3           
5153513      0.6364       11          
5153514      1.0000       2           
5153553      1.0000       13          
5153554      1.0000       4           
5153645      1.0000       7           
5153684      1.0000       6           
5153707      1.0000       5           
5153719      1.0000       2           
5153740      1.0000       2           
5153875      0.8000       5           
5153908      0.6000       5           
5154010      1.0000       9           
5154011      1.0000       6           
5154094      1.0000       2           
5154133      1.0000       6           
5154145      0.8889       9           
5154149      1.0000       4           
5154150      1.0000       6           
5154166      0.5000       10          
5154273      1.0000       9           
5154305      0.7000       10          
5154319      0.6250       8           
5154320      1.0000       2           
5154328      0.2500       4           
5154334      0.8571       7           
5154353      1.0000       8           
5154361      0.7500       8           
5154362      0.7500       12          
5154363      1.0000       7           
5154366      1.0000       11          
5154367      0.6000       10          
5154388      1.0000       8           
5154449      1.0000       4           
5154450      1.0000       11          
5154454      1.0000       2           
5154585      1.0000       4           
5154632      1.0000       2           
5154781      1.0000       14          
5154783      1.0000       20          
5154785      0.5714       7           
5154788      0.7500       4           
5154804      1.0000       11          
5154814      1.0000       8           
5154818      1.0000       5           
5154820      0.5000       8           
5155048      0.6667       3           
5155263      1.0000       4           
5155274      1.0000       8           
5155276      1.0000       5           
5155284      1.0000       4           
5155303      1.0000       2           
5155309      1.0000       13          
5155313      1.0000       2           
5155315      0.8000       10          
5155353      1.0000       7           
5155354      1.0000       3           
5155441      1.0000       2           
5155490      1.0000       2           
5155558      0.5000       2           
5155559      0.7500       4           
5155614      1.0000       12          
5155615      1.0000       4           
5155637      1.0000       11          
5155693      1.0000       4           
5155715      1.0000       8           
5155733      1.0000       6           
5155781      0.6000       5           
5156070      1.0000       3           
5156113      1.0000       7           
5156128      1.0000       10          
5156212      0.7500       8           
5156319      0.7500       8           
5156327      0.8333       6           
5156354      1.0000       7           
5156355      0.8333       6           
5156542      1.0000       10          
5156573      1.0000       6           
5156675      0.8750       8           
5156680      1.0000       7           
5156681      1.0000       7           
5156694      1.0000       7           
5156706      1.0000       7           
5156713      1.0000       12          
5156720      1.0000       6           
5156725      1.0000       4           
5156726      0.7778       9           
5156730      1.0000       3           
5156999      1.0000       2           
5157036      1.0000       5           
5157059      0.8333       6           
5157064      0.7500       4           
5157065      1.0000       2           
5157067      1.0000       6           
5157083      0.7500       4           
5157088      1.0000       12          
5157089      1.0000       5           
5157098      1.0000       8           
5157106      1.0000       2           
5157351      0.8333       6           
5157434      1.0000       6           
5157435      1.0000       2           
5157446      1.0000       7           
5157452      0.5000       6           
5157454      0.6667       6           
5157455      1.0000       3           
5157456      1.0000       10          
5157457      0.6667       6           
5157490      0.6667       3           
5157498      0.7000       10          
5157504      1.0000       3           
5157517      0.5714       7           
5157519      1.0000       3           
5157520      1.0000       8           
5157521      1.0000       5           
5157529      1.0000       4           
5157539      1.0000       7           
5157540      1.0000       2           
5157549      0.4286       7           
5157578      1.0000       9           
5157727      1.0000       2           
5157779      1.0000       5           
5157782      1.0000       3           
5157794      1.0000       3           
5157887      1.0000       2           
5157913      1.0000       7           
5157951      0.5714       7           
5157952      0.6250       8           
5157979      1.0000       13          
5157980      0.7500       8           
5157985      1.0000       10          
5157989      1.0000       2           
5157995      1.0000       9           
5157998      1.0000       2           
5158019      1.0000       15          
5158020      0.5714       7           
5158022      1.0000       7           
5158027      1.0000       5           
5158043      1.0000       9           
5158044      1.0000       7           
5158049      1.0000       6           
5158050      1.0000       2           
5158052      0.6000       5           
5158053      0.8750       8           
5158056      1.0000       11          
5158066      1.0000       5           
5158067      1.0000       2           
5158090      1.0000       9           
5158151      1.0000       2           
5158152      1.0000       4           
5158204      0.5000       2           
5158211      1.0000       3           
5158280      1.0000       3           
5158382      1.0000       7           
5158394      1.0000       3           
5158398      0.4286       7           
5158478      1.0000       2           
5158480      1.0000       5           
5158545      1.0000       2           
5158555      1.0000       9           
5158567      0.5714       7           
5158584      1.0000       4           
5158608      1.0000       2           
5158610      1.0000       6           
5158620      1.0000       2           
5158691      0.8000       5           
5158698      1.0000       5           
5158700      1.0000       5           
5158701      0.8000       5           
5158708      0.8000       5           
5158729      1.0000       2           
5158730      1.0000       4           
5158800      0.8000       5           
5158812      0.8571       7           
5158821      1.0000       15          
5158941      1.0000       7           
5158948      1.0000       5           
5158949      1.0000       9           
5158951      1.0000       2           
5158954      0.6000       5           
5158956      1.0000       7           
5158959      1.0000       4           
5158960      1.0000       2           
5158992      0.8000       5           
5158995      1.0000       6           
5158998      1.0000       8           
5158999      1.0000       10          
5159160      1.0000       3           
5159300      1.0000       9           
5159322      1.0000       6           
5159380      0.4000       5           
5159413      0.6000       5           
5159417      1.0000       6           
5159636      1.0000       8           
5159728      0.6154       13          
5159736      0.5000       4           
5159737      0.6667       3           
5159957      1.0000       6           
5159982      1.0000       2           
5159994      0.5000       4           
5160038      1.0000       7           
5160089      1.0000       8           
5160094      0.6667       6           
5160097      1.0000       13          
5160100      1.0000       2           
5160110      1.0000       4           
5160111      1.0000       8           
5160112      0.6000       5           
5160113      1.0000       5           
5160116      1.0000       6           
5160117      1.0000       13          
5160118      1.0000       7           
5160119      0.8571       7           
5160120      0.7500       8           
5160122      0.6667       9           
5160123      1.0000       6           
5160124      0.5714       7           
5160125      1.0000       5           
5160126      1.0000       7           
5160129      0.6923       13          
5160130      1.0000       5           
5160131      1.0000       8           
5160137      1.0000       7           
5160138      1.0000       7           
5160158      1.0000       7           
5160159      0.5000       8           
5160162      0.6667       9           
5160177      1.0000       2           
5160186      0.8750       8           
5160187      0.5000       6           
5160189      1.0000       2           
5160192      0.7500       4           
5160193      1.0000       5           
5160194      1.0000       5           
5160195      1.0000       5           
5160229      1.0000       10          
5160230      1.0000       11          
5160233      1.0000       4           
5160235      1.0000       5           
5160237      0.7273       11          
5160247      1.0000       5           
5160248      1.0000       5           
5160251      1.0000       2           
5160358      1.0000       4           
5160552      0.7500       12          
5160611      1.0000       5           
5160650      1.0000       12          
5160663      1.0000       4           
5160677      1.0000       5           
5160727      1.0000       6           
5160848      0.8889       9           
5160872      1.0000       9           
5160879      1.0000       2           
5160880      1.0000       6           
5160906      0.5000       4           
5160907      1.0000       7           
5160928      1.0000       8           
5160934      1.0000       6           
5160960      0.8889       9           
5160965      0.5714       7           
5161002      0.8571       7           
5161031      1.0000       4           
5161080      1.0000       3           
5161081      1.0000       2           
5161083      0.5000       2           
5161327      1.0000       2           
5161510      1.0000       7           
5161520      0.6000       5           
5161625      1.0000       2           
5161641      1.0000       4           
5161683      0.6667       3           
5161685      0.5000       2           
5161793      1.0000       10          
5161795      1.0000       6           
5161797      0.8750       8           
5161798      1.0000       2           
5161799      1.0000       3           
5161800      0.6250       8           
5161808      1.0000       7           
5161810      1.0000       12          
5161811      1.0000       5           
5161815      1.0000       4           
5161816      1.0000       6           
5161820      1.0000       7           
5161821      1.0000       6           
5161822      1.0000       5           
5161824      1.0000       6           
5161825      1.0000       5           
5161829      1.0000       5           
5161838      1.0000       12          
5161839      0.8333       6           
5161842      1.0000       6           
5161844      1.0000       5           
5161870      1.0000       6           
5161873      1.0000       8           
5161888      1.0000       8           
5161893      1.0000       5           
5161899      1.0000       3           
5161904      0.5000       4           
5161908      1.0000       12          
5161915      1.0000       10          
5161916      0.3333       6           
5161922      0.7500       12          
5161929      1.0000       8           
5161934      1.0000       4           
5161936      1.0000       5           
5161950      0.8333       6           
5161992      0.7273       11          
5161995      0.6667       3           
5162274      1.0000       2           
5162355      1.0000       4           
5162356      1.0000       6           
5162358      0.6667       3           
5162389      1.0000       3           
5162430      1.0000       6           
5162568      0.6000       5           
5162582      1.0000       5           
5162584      0.8571       7           
5162593      0.5000       4           
5162622      1.0000       8           
5162636      1.0000       5           
5162637      0.8333       6           
5162644      0.8000       5           
5162780      1.0000       3           
5162861      1.0000       3           
5163072      1.0000       4           
5163138      1.0000       6           
5163139      1.0000       5           
5163143      1.0000       5           
5163144      0.4000       10          
5163148      0.7273       11          
5163150      0.4444       9           
5163151      1.0000       12          
5163152      1.0000       31          
5163153      1.0000       2           
5163155      1.0000       2           
5163158      0.6667       6           
5163160      1.0000       4           
5163174      0.6667       3           
5163195      1.0000       6           
5163196      1.0000       8           
5163205      1.0000       4           
5163229      1.0000       5           
5163256      0.6667       9           
5163260      1.0000       7           
5163261      0.7143       7           
5163308      1.0000       7           
5163388      1.0000       5           
5163438      1.0000       6           
5163586      1.0000       4           
5163639      1.0000       4           
5163718      1.0000       2           
5163758      1.0000       4           
5163786      1.0000       6           
5163787      1.0000       7           
5163792      1.0000       4           
5163803      1.0000       5           
5163830      1.0000       7           
5163833      1.0000       12          
5163834      0.7778       9           
5163945      1.0000       3           
5163956      0.6000       5           
5164129      1.0000       4           
5164150      1.0000       2           
5164190      1.0000       2           
5164195      0.8750       8           
5164197      0.4000       5           
5164204      1.0000       5           
5164230      0.5000       6           
5164399      1.0000       5           
5164412      0.8571       7           
5164413      1.0000       9           
5164418      1.0000       8           
5164483      1.0000       6           
5164646      0.5833       12          
5164647      0.7500       4           
5164653      0.8000       5           
5164654      1.0000       11          
5164682      1.0000       12          
5164685      0.5714       7           
5164692      0.7143       7           
5164705      1.0000       9           
5164707      1.0000       5           
5164708      0.6000       5           
5164718      0.5000       4           
5164719      0.6667       3           
5164721      0.8000       5           
5164728      1.0000       5           
5164729      1.0000       6           
5164830      0.7500       4           
5165074      1.0000       2           
5165076      1.0000       10          
5165132      1.0000       3           
5165154      1.0000       6           
5165155      1.0000       3           
