Event 3 Statistics:
Number of clusters: 1560
Average connectivity: 0.8853
Average track length: 6.39
Noise contamination: 103989 noise points, 9970 signal points
Signal-to-noise ratio: 0.10
Average noise ratio: 0.6470

Detailed Cluster Metrics:
Cluster ID   Connectivity Track Length
----------------------------------------
3000000      1.0000       5           
3000003      0.5000       6           
3000006      0.8000       5           
3000008      1.0000       6           
3000014      0.4000       5           
3000016      1.0000       18          
3000025      0.8000       5           
3000026      1.0000       9           
3000027      0.6000       5           
3000029      0.6667       6           
3000030      1.0000       2           
3000031      1.0000       7           
3000032      0.5000       8           
3000033      1.0000       3           
3000034      1.0000       6           
3000035      1.0000       4           
3000041      1.0000       12          
3000045      1.0000       4           
3000060      1.0000       10          
3000062      1.0000       20          
3000064      0.7143       7           
3000065      1.0000       6           
3000066      0.5000       6           
3000067      0.6000       5           
3000068      1.0000       6           
3000070      1.0000       3           
3000071      0.5714       7           
3000072      1.0000       5           
3000073      1.0000       6           
3000074      1.0000       8           
3000076      1.0000       14          
3000080      0.6000       10          
3000085      0.8000       5           
3000086      0.9000       10          
3000089      1.0000       8           
3000090      1.0000       8           
3000091      1.0000       3           
3000092      1.0000       3           
3000102      0.4444       9           
3000103      0.8571       7           
3000110      1.0000       5           
3000111      1.0000       8           
3000112      1.0000       5           
3000117      1.0000       9           
3000118      0.5000       10          
3000119      0.8571       7           
3000121      1.0000       6           
3000169      1.0000       9           
3000279      1.0000       2           
3000299      1.0000       9           
3000340      1.0000       8           
3000342      0.8000       5           
3000365      1.0000       4           
3000430      1.0000       5           
3000432      1.0000       3           
3000434      0.6667       3           
3057661      0.5000       2           
3059754      0.7500       4           
3100924      0.6667       3           
3102108      0.6667       3           
3106217      0.6667       3           
3106841      0.5000       2           
3108423      1.0000       2           
3108458      1.0000       2           
3108616      1.0000       3           
3115413      0.4286       7           
3115414      1.0000       4           
3124233      1.0000       44          
3130648      0.4000       5           
3131898      1.0000       2           
3133625      1.0000       2           
3133747      0.8000       5           
3133960      1.0000       9           
3133964      0.6667       6           
3133980      0.7500       4           
3133981      0.8571       7           
3133982      1.0000       6           
3133984      1.0000       2           
3133986      1.0000       13          
3133991      1.0000       7           
3134181      1.0000       7           
3134187      1.0000       7           
3134189      1.0000       7           
3134200      1.0000       8           
3134201      1.0000       15          
3134206      1.0000       8           
3134207      1.0000       7           
3134208      1.0000       11          
3134209      0.6667       6           
3134210      0.5000       4           
3134211      1.0000       5           
3134214      0.8000       5           
3134215      1.0000       6           
3134221      1.0000       6           
3134222      1.0000       13          
3134225      1.0000       9           
3134250      1.0000       10          
3134256      1.0000       7           
3134259      1.0000       2           
3134281      1.0000       4           
3134282      0.6000       10          
3134286      0.6000       5           
3134293      0.6000       5           
3134305      1.0000       2           
3134311      1.0000       25          
3134316      0.6250       8           
3134419      1.0000       2           
3134452      0.6000       5           
3134507      1.0000       6           
3134547      1.0000       2           
3134636      1.0000       2           
3134637      1.0000       10          
3134709      1.0000       3           
3134790      1.0000       5           
3134794      0.4286       7           
3134802      1.0000       5           
3134803      0.5000       6           
3134818      1.0000       5           
3134821      1.0000       6           
3134826      0.6667       3           
3134827      1.0000       8           
3134830      1.0000       6           
3134835      1.0000       6           
3134836      0.4000       5           
3134838      0.5556       9           
3134842      0.6667       6           
3134843      0.6000       10          
3134851      0.6667       9           
3134860      0.8333       6           
3134861      1.0000       7           
3134867      1.0000       2           
3134874      1.0000       5           
3134890      1.0000       7           
3134891      0.8333       12          
3134894      1.0000       2           
3134900      1.0000       5           
3134903      1.0000       4           
3134904      0.5000       2           
3134906      1.0000       5           
3134913      1.0000       11          
3134931      1.0000       16          
3134932      0.5714       7           
3134959      0.8571       7           
3135086      1.0000       3           
3135252      1.0000       3           
3135278      0.5000       6           
3135311      0.6667       6           
3135374      1.0000       5           
3135404      0.7500       4           
3135425      1.0000       3           
3135473      1.0000       6           
3135553      0.7143       7           
3135555      0.6667       6           
3135560      1.0000       2           
3135573      0.8571       7           
3135589      1.0000       13          
3135849      0.6667       3           
3135851      1.0000       5           
3135955      1.0000       3           
3135958      0.4000       5           
3135959      1.0000       9           
3135964      1.0000       21          
3136008      0.8571       7           
3136014      1.0000       14          
3136017      0.9091       11          
3136020      1.0000       5           
3136026      1.0000       5           
3136027      1.0000       4           
3136034      0.7000       10          
3136186      1.0000       2           
3136271      0.7500       8           
3136279      1.0000       11          
3136338      0.4286       7           
3136344      1.0000       2           
3136421      1.0000       5           
3136432      1.0000       7           
3136515      1.0000       10          
3136738      1.0000       2           
3136753      0.5000       2           
3136769      0.8000       10          
3136770      0.7143       7           
3136868      1.0000       2           
3136936      1.0000       8           
3137043      1.0000       12          
3137101      1.0000       4           
3137146      1.0000       7           
3137222      0.7500       4           
3137298      0.8750       16          
3137313      0.8000       5           
3137331      1.0000       2           
3137362      0.5000       2           
3137398      1.0000       4           
3137507      1.0000       3           
3137508      0.7500       4           
3137514      0.6000       5           
3137515      0.6000       5           
3137520      1.0000       9           
3137542      0.7500       8           
3137544      1.0000       5           
3137548      1.0000       5           
3137550      1.0000       4           
3137551      0.6000       5           
3137552      1.0000       6           
3137553      0.6000       5           
3137554      0.5161       31          
3137555      1.0000       6           
3137556      1.0000       4           
3137560      0.7500       4           
3137575      1.0000       9           
3137581      1.0000       2           
3137591      1.0000       12          
3137595      1.0000       9           
3137596      0.5000       4           
3137597      0.8000       5           
3137599      1.0000       7           
3137626      1.0000       2           
3137628      1.0000       8           
3137633      0.8000       5           
3137636      1.0000       3           
3137637      0.7500       8           
3137640      1.0000       6           
3137673      0.7143       7           
3137680      1.0000       9           
3137837      1.0000       13          
3137951      0.5000       2           
3137987      1.0000       5           
3138008      1.0000       10          
3138180      0.7500       4           
3138243      1.0000       5           
3138267      0.6000       5           
3138268      0.5714       7           
3138275      0.8000       5           
3138277      1.0000       6           
3138287      1.0000       6           
3138290      0.4615       13          
3138291      1.0000       5           
3138303      1.0000       9           
3138305      0.8333       12          
3138306      1.0000       8           
3138313      0.6667       6           
3138321      0.6000       5           
3138323      1.0000       5           
3138326      0.5000       6           
3138333      0.8333       6           
3138348      1.0000       5           
3138350      1.0000       7           
3138352      1.0000       4           
3138359      1.0000       2           
3138374      1.0000       3           
3138421      0.8571       7           
3138428      1.0000       2           
3138454      1.0000       3           
3138510      1.0000       2           
3138580      1.0000       2           
3138597      1.0000       4           
3138598      1.0000       5           
3138644      1.0000       3           
3138649      0.6000       5           
3138661      1.0000       3           
3138684      1.0000       2           
3138840      1.0000       9           
3138896      1.0000       5           
3138897      1.0000       2           
3138901      1.0000       7           
3138932      1.0000       2           
3138936      0.8000       10          
3138937      1.0000       9           
3138940      1.0000       11          
3138943      0.8889       9           
3138944      1.0000       11          
3138953      1.0000       6           
3138957      1.0000       10          
3138973      0.6250       8           
3138974      0.7500       8           
3138979      0.5714       7           
3138980      1.0000       7           
3138993      1.0000       12          
3139000      0.7000       10          
3139110      1.0000       3           
3139111      1.0000       5           
3139125      1.0000       6           
3139375      1.0000       2           
3139376      1.0000       5           
3139377      1.0000       4           
3139389      0.4286       7           
3139397      1.0000       12          
3139486      1.0000       2           
3139544      1.0000       11          
3139545      1.0000       5           
3139548      0.6667       3           
3139596      1.0000       6           
3139633      0.6667       6           
3139658      1.0000       2           
3139707      1.0000       4           
3139791      1.0000       7           
3139836      1.0000       5           
3140067      0.8571       7           
3140072      1.0000       5           
3140080      0.8182       11          
3140084      0.5556       9           
3140092      0.5000       2           
3140093      1.0000       7           
3140109      1.0000       8           
3140113      0.5000       6           
3140160      1.0000       8           
3140161      1.0000       4           
3140218      0.4000       5           
3140221      1.0000       5           
3140246      0.7143       7           
3140249      1.0000       2           
3140254      1.0000       6           
3140255      1.0000       4           
3140256      1.0000       7           
3140258      0.5000       8           
3140259      1.0000       9           
3140262      1.0000       10          
3140298      0.8333       6           
3140314      0.6250       8           
3140318      0.6667       6           
3140590      1.0000       2           
3140670      0.6000       5           
3140671      0.6250       8           
3140738      0.6667       3           
3140847      1.0000       3           
3140852      0.6364       11          
3140855      0.5714       7           
3140857      1.0000       6           
3141076      1.0000       2           
3141093      0.8750       8           
3141173      1.0000       2           
3141246      1.0000       7           
3141251      1.0000       5           
3141273      1.0000       7           
3141274      1.0000       4           
3141277      1.0000       5           
3141298      0.4000       5           
3141299      1.0000       3           
3141309      0.8000       5           
3141433      1.0000       9           
3141722      1.0000       7           
3141771      1.0000       9           
3141781      0.7500       4           
3141871      1.0000       7           
3141879      1.0000       4           
3141944      0.7500       4           
3142117      1.0000       2           
3142144      0.8333       6           
3142157      1.0000       8           
3142183      0.6923       13          
3142193      0.7143       7           
3142218      1.0000       4           
3142221      1.0000       10          
3142222      1.0000       16          
3142223      1.0000       6           
3142224      1.0000       8           
3142225      1.0000       7           
3142230      1.0000       7           
3142231      1.0000       10          
3142232      1.0000       4           
3142233      0.8000       5           
3142241      1.0000       7           
3142242      1.0000       3           
3142243      1.0000       6           
3142245      0.6667       3           
3142249      1.0000       6           
3142258      1.0000       2           
3142259      1.0000       7           
3142260      1.0000       2           
3142264      1.0000       11          
3142282      1.0000       5           
3142315      0.6667       9           
3142316      1.0000       10          
3142317      1.0000       7           
3142336      1.0000       6           
3142337      1.0000       4           
3142338      1.0000       7           
3142349      1.0000       25          
3142350      1.0000       5           
3142385      1.0000       8           
3142391      0.8750       8           
3142395      0.8333       6           
3142537      1.0000       3           
3142620      1.0000       2           
3142621      1.0000       6           
3142642      0.5714       7           
3142791      1.0000       7           
3142797      1.0000       7           
3142815      1.0000       2           
3142865      1.0000       3           
3142980      0.5714       7           
3142995      1.0000       11          
3143055      1.0000       10          
3143058      0.7500       4           
3143063      1.0000       6           
3143064      1.0000       4           
3143065      0.5556       9           
3143068      0.8571       7           
3143072      1.0000       6           
3143084      0.8571       7           
3143114      1.0000       6           
3143125      0.8750       8           
3143129      1.0000       4           
3143131      1.0000       12          
3143132      0.6667       3           
3143134      1.0000       3           
3143135      1.0000       7           
3143136      1.0000       14          
3143154      1.0000       2           
3143355      1.0000       4           
3143382      0.5000       2           
3143453      1.0000       2           
3143464      1.0000       13          
3143582      1.0000       6           
3143589      1.0000       2           
3143608      0.6667       9           
3143614      1.0000       9           
3143618      0.4000       5           
3143744      1.0000       6           
3143861      1.0000       4           
3144000      0.5000       4           
3144002      1.0000       5           
3144004      0.8750       8           
3144005      0.6000       10          
3144007      0.6000       5           
3144014      1.0000       5           
3144019      0.8571       7           
3144020      0.2857       7           
3144027      1.0000       8           
3144035      1.0000       15          
3144041      1.0000       6           
3144044      0.8571       7           
3144056      1.0000       12          
3144148      1.0000       4           
3144365      1.0000       4           
3144384      1.0000       9           
3144389      1.0000       6           
3144390      1.0000       3           
3144404      1.0000       2           
3144406      0.6667       6           
3144408      1.0000       6           
3144436      1.0000       6           
3144455      1.0000       5           
3144458      1.0000       5           
3144462      1.0000       4           
3144463      1.0000       5           
3144483      1.0000       6           
3144490      0.6667       9           
3144705      0.5000       2           
3144766      1.0000       4           
3144767      1.0000       2           
3144781      1.0000       4           
3144857      1.0000       5           
3144863      0.7273       11          
3144883      1.0000       2           
3144885      0.6667       3           
3144887      0.9000       10          
3144889      1.0000       4           
3144968      1.0000       2           
3145044      1.0000       6           
3145083      1.0000       2           
3145148      0.5000       2           
3145167      1.0000       2           
3145200      1.0000       2           
3145384      1.0000       9           
3145386      0.7143       7           
3145394      1.0000       4           
3145443      0.5000       6           
3145454      1.0000       5           
3145470      0.8000       5           
3145472      1.0000       2           
3145629      1.0000       6           
3145648      0.6667       3           
3145699      0.6667       3           
3145714      0.6667       3           
3145725      1.0000       2           
3145727      1.0000       2           
3145729      1.0000       5           
3145741      0.8000       10          
3145755      1.0000       14          
3145757      1.0000       2           
3145774      0.7500       4           
3145787      0.6000       5           
3145792      1.0000       3           
3145803      1.0000       6           
3145811      1.0000       15          
3145818      1.0000       5           
3145828      1.0000       2           
3145846      1.0000       2           
3145847      0.6000       5           
3145852      1.0000       6           
3145853      1.0000       7           
3145855      0.6000       5           
3145929      1.0000       5           
3145963      1.0000       6           
3146032      1.0000       2           
3146067      1.0000       7           
3146119      0.5000       2           
3146163      1.0000       9           
3146170      1.0000       5           
3146297      0.6000       5           
3146302      1.0000       11          
3146303      1.0000       11          
3146304      1.0000       5           
3146307      1.0000       4           
3146311      0.6667       6           
3146329      0.4000       5           
3146330      0.7273       11          
3146343      1.0000       5           
3146344      0.6000       5           
3146350      0.3333       3           
3146429      0.6667       9           
3146484      1.0000       6           
3146538      1.0000       6           
3146747      1.0000       6           
3146748      1.0000       8           
3146755      1.0000       7           
3146757      1.0000       4           
3146760      0.9000       10          
3146761      0.6000       5           
3146792      1.0000       7           
3146795      1.0000       8           
3146817      1.0000       7           
3146818      1.0000       2           
3146822      1.0000       6           
3146845      1.0000       6           
3146846      1.0000       7           
3146957      1.0000       2           
3147109      1.0000       12          
3147127      0.5000       2           
3147300      1.0000       2           
3147318      1.0000       7           
3147323      0.8333       6           
3147324      0.6250       8           
3147339      1.0000       12          
3147341      1.0000       6           
3147343      0.8095       21          
3147354      1.0000       9           
3147442      1.0000       2           
3147449      1.0000       2           
3147470      0.5000       6           
3147542      1.0000       2           
3147567      1.0000       2           
3147568      0.8000       5           
3147570      1.0000       7           
3147572      1.0000       7           
3147573      0.7692       13          
3147588      1.0000       5           
3147599      0.5714       7           
3147638      1.0000       3           
3147640      1.0000       9           
3147646      0.8333       6           
3147653      0.8000       5           
3147664      0.5000       8           
3147732      0.8571       7           
3147774      0.6667       3           
3147892      1.0000       2           
3147926      1.0000       2           
3148073      1.0000       2           
3148096      1.0000       2           
3148149      1.0000       5           
3148162      1.0000       3           
3148177      1.0000       8           
3148269      1.0000       5           
3148313      0.9000       10          
3148407      0.6667       3           
3148599      0.8333       6           
3148745      1.0000       6           
3148769      0.8333       6           
3148771      1.0000       5           
3148782      1.0000       9           
3148861      1.0000       2           
3148909      0.6667       3           
3149027      1.0000       3           
3149071      1.0000       3           
3149113      1.0000       10          
3149122      0.8571       7           
3149129      0.5714       7           
3149149      0.8333       6           
3149253      1.0000       3           
3149291      1.0000       7           
3149312      1.0000       4           
3149321      1.0000       4           
3149330      0.5000       2           
3149336      1.0000       10          
3149337      0.7000       10          
3149459      1.0000       3           
3149497      1.0000       3           
3149536      0.7143       7           
3149554      0.5556       9           
3149647      1.0000       6           
3149883      1.0000       2           
3149894      1.0000       9           
3149902      1.0000       6           
3149927      1.0000       8           
3149940      1.0000       8           
3149942      0.7500       8           
3149947      1.0000       6           
3149948      0.8571       7           
3149950      1.0000       8           
3149953      1.0000       5           
3149981      0.7778       9           
3149995      0.6250       8           
3150284      0.5833       12          
3150426      0.8333       6           
3150427      1.0000       11          
3150454      1.0000       10          
3150455      1.0000       10          
3150470      0.5000       8           
3150471      0.7143       7           
3150475      1.0000       8           
3150476      1.0000       4           
3150478      1.0000       3           
3150479      1.0000       11          
3150480      1.0000       5           
3150501      0.9091       11          
3150509      0.9091       11          
3150510      0.7500       4           
3150521      0.6154       13          
3150547      1.0000       2           
3150565      0.5000       6           
3150566      1.0000       4           
3150567      0.5000       4           
3150569      1.0000       7           
3150570      1.0000       4           
3150572      0.8333       6           
3150574      1.0000       10          
3150575      0.5833       12          
3150596      0.7143       7           
3150606      1.0000       11          
3150654      1.0000       6           
3150667      1.0000       3           
3150734      0.8889       9           
3150736      1.0000       3           
3150891      1.0000       11          
3150905      1.0000       4           
3151007      1.0000       2           
3151282      1.0000       4           
3151288      0.5000       4           
3151291      1.0000       6           
3151292      1.0000       3           
3151301      1.0000       2           
3151302      1.0000       12          
3151304      1.0000       9           
3151313      0.5000       2           
3151317      1.0000       10          
3151327      1.0000       2           
3151453      0.8889       9           
3151575      1.0000       4           
3151655      1.0000       6           
3151657      0.5000       6           
3151659      1.0000       6           
3151664      0.6667       3           
3151665      1.0000       16          
3151666      1.0000       9           
3151667      1.0000       4           
3151689      0.6000       5           
3151698      0.5000       4           
3151702      0.7143       7           
3151704      1.0000       15          
3151705      1.0000       9           
3151706      1.0000       7           
3151739      1.0000       6           
3151740      1.0000       6           
3151758      0.8571       7           
3151960      1.0000       2           
3152067      1.0000       5           
3152087      0.3333       3           
3152089      1.0000       8           
3152091      1.0000       11          
3152092      0.8333       6           
3152094      1.0000       7           
3152107      0.9167       12          
3152109      1.0000       6           
3152110      1.0000       2           
3152112      0.7500       4           
3152113      1.0000       5           
3152114      0.6000       5           
3152160      0.8000       5           
3152161      0.7500       4           
3152166      1.0000       7           
3152168      1.0000       7           
3152175      0.6000       5           
3152177      1.0000       2           
3152180      1.0000       12          
3152181      1.0000       2           
3152182      1.0000       6           
3152190      1.0000       9           
3152211      0.4286       7           
3152213      1.0000       8           
3152218      0.6667       6           
3152224      0.7500       4           
3152225      1.0000       8           
3152230      0.7500       8           
3152238      1.0000       5           
3152288      1.0000       2           
3152331      1.0000       11          
3152405      1.0000       2           
3152451      1.0000       2           
3152480      1.0000       2           
3152619      1.0000       7           
3152623      1.0000       4           
3152687      1.0000       6           
3152705      1.0000       11          
3152706      1.0000       2           
3152828      1.0000       7           
3152829      1.0000       9           
3152837      0.6364       11          
3152930      1.0000       11          
3152934      0.6667       3           
3152935      1.0000       7           
3152936      1.0000       7           
3152942      1.0000       13          
3152943      0.6667       6           
3152953      1.0000       2           
3152954      0.8571       7           
3152966      1.0000       6           
3152967      0.6000       5           
3152968      1.0000       7           
3152976      1.0000       7           
3152977      1.0000       6           
3152979      1.0000       8           
3152983      1.0000       6           
3152984      1.0000       6           
3152985      1.0000       17          
3152990      1.0000       8           
3153013      0.7500       4           
3153014      0.6364       11          
3153021      1.0000       5           
3153026      0.9000       10          
3153033      0.9167       12          
3153037      0.3333       3           
3153038      0.6000       5           
3153041      1.0000       12          
3153044      0.2500       4           
3153055      0.8750       8           
3153056      1.0000       8           
3153057      1.0000       14          
3153060      0.4000       5           
3153063      0.6000       10          
3153065      0.6667       9           
3153067      0.5714       7           
3153068      0.5000       6           
3153070      0.5000       6           
3153103      1.0000       5           
3153120      1.0000       5           
3153121      1.0000       7           
3153130      0.4000       5           
3153133      0.6667       9           
3153134      0.5714       14          
3153140      1.0000       9           
3153167      1.0000       5           
3153221      1.0000       9           
3153280      1.0000       2           
3153293      1.0000       12          
3153335      1.0000       8           
3153444      0.7500       4           
3153521      1.0000       3           
3153541      0.5000       6           
3153618      1.0000       2           
3153623      1.0000       9           
3153625      1.0000       9           
3153626      1.0000       8           
3153628      1.0000       3           
3153650      1.0000       4           
3153684      0.6000       5           
3153711      1.0000       8           
3153712      0.8889       9           
3153717      0.8000       5           
3153718      1.0000       2           
3153758      1.0000       4           
3153821      1.0000       3           
3153823      1.0000       9           
3153877      0.6667       3           
3153884      0.5000       2           
3153947      0.5000       2           
3153949      1.0000       4           
3153952      1.0000       7           
3153958      1.0000       5           
3153977      1.0000       9           
3153983      1.0000       6           
3154187      0.6250       8           
3154189      0.5000       8           
3154192      1.0000       10          
3154193      1.0000       7           
3154199      1.0000       8           
3154200      0.8000       5           
3154201      1.0000       4           
3154206      1.0000       4           
3154210      1.0000       9           
3154212      1.0000       10          
3154213      0.8571       7           
3154214      1.0000       8           
3154217      1.0000       7           
3154221      0.7778       9           
3154222      0.7273       11          
3154239      1.0000       3           
3154241      0.6667       6           
3154255      1.0000       7           
3154260      0.6667       3           
3154270      1.0000       7           
3154294      1.0000       10          
3154298      1.0000       7           
3154320      1.0000       4           
3154321      1.0000       7           
3154323      0.8571       7           
3154425      1.0000       3           
3154443      1.0000       2           
3154483      1.0000       3           
3154593      1.0000       2           
3154663      1.0000       4           
3154681      1.0000       2           
3154723      1.0000       10          
3154756      1.0000       5           
3154767      1.0000       6           
3154831      0.5000       6           
3154837      1.0000       7           
3154842      0.7500       4           
3154861      1.0000       5           
3154862      0.8000       5           
3154863      1.0000       9           
3154868      0.6000       5           
3154891      1.0000       4           
3154971      1.0000       2           
3155179      1.0000       7           
3155231      1.0000       5           
3155243      1.0000       2           
3155309      1.0000       4           
3155321      1.0000       9           
3155353      1.0000       3           
3155464      1.0000       4           
3155735      1.0000       6           
3155736      1.0000       7           
3155737      0.5714       7           
3155740      0.6667       6           
3155742      1.0000       9           
3155744      1.0000       4           
3155747      1.0000       7           
3155750      1.0000       13          
3155756      1.0000       8           
3155757      1.0000       7           
3155767      1.0000       5           
3155772      0.3333       3           
3155780      1.0000       7           
3155781      1.0000       13          
3155806      1.0000       5           
3155807      1.0000       3           
3155812      1.0000       2           
3155833      1.0000       6           
3155834      1.0000       5           
3155836      0.7500       8           
3155837      1.0000       5           
3155840      1.0000       8           
3155857      1.0000       3           
3155864      0.7143       7           
3155868      1.0000       6           
3155869      1.0000       7           
3155872      1.0000       8           
3155884      1.0000       5           
3155887      1.0000       2           
3155893      1.0000       6           
3155894      0.8000       5           
3155918      1.0000       5           
3155940      1.0000       14          
3155946      0.8000       5           
3155964      1.0000       8           
3155974      1.0000       12          
3156178      1.0000       7           
3156589      1.0000       5           
3156753      0.6667       3           
3156779      1.0000       5           
3156786      0.7500       4           
3156870      1.0000       3           
3156873      1.0000       5           
3156953      1.0000       2           
3156958      1.0000       3           
3157036      1.0000       7           
3157047      0.6667       12          
3157048      1.0000       5           
3157049      1.0000       10          
3157050      1.0000       6           
3157053      1.0000       14          
3157055      1.0000       11          
3157056      1.0000       8           
3157076      1.0000       2           
3157077      0.5556       9           
3157078      1.0000       19          
3157081      1.0000       5           
3157085      1.0000       5           
3157096      1.0000       6           
3157103      0.5556       9           
3157104      1.0000       7           
3157107      1.0000       16          
3157110      0.6667       9           
3157118      1.0000       18          
3157119      0.6000       10          
3157120      0.8333       6           
3157128      1.0000       7           
3157140      1.0000       9           
3157144      0.9000       10          
3157157      0.4286       7           
3157164      1.0000       3           
3157174      0.5714       7           
3157205      1.0000       9           
3157206      1.0000       6           
3157210      1.0000       5           
3157218      1.0000       2           
3157220      0.8333       6           
3157221      1.0000       6           
3157223      1.0000       8           
3157224      0.5000       6           
3157225      1.0000       10          
3157226      1.0000       9           
3157227      0.6000       10          
3157229      1.0000       6           
3157231      1.0000       14          
3157244      1.0000       2           
3157245      1.0000       5           
3157256      0.7143       7           
3157259      1.0000       4           
3157260      0.8000       5           
3157261      1.0000       10          
3157265      1.0000       13          
3157297      1.0000       6           
3157301      1.0000       5           
3157302      0.8462       13          
3157348      0.7273       11          
3157353      0.8333       6           
3157356      1.0000       4           
3157359      1.0000       8           
3157362      1.0000       5           
3157442      1.0000       8           
3157558      1.0000       2           
3157564      1.0000       7           
3157797      0.5000       2           
3157931      0.5556       9           
3158018      1.0000       5           
3158067      0.6667       6           
3158237      1.0000       4           
3158270      1.0000       5           
3158292      1.0000       9           
3158308      1.0000       4           
3158395      0.8000       5           
3158434      1.0000       8           
3158493      1.0000       5           
3158498      1.0000       10          
3158501      1.0000       2           
3158506      0.5000       6           
3158520      1.0000       6           
3158521      0.5714       7           
3158524      0.8000       5           
3158528      0.7500       8           
3158636      1.0000       4           
3158664      1.0000       2           
3158674      1.0000       9           
3158676      1.0000       6           
3158678      1.0000       2           
3158777      1.0000       7           
3158780      0.6667       3           
3158843      0.7500       4           
3158875      1.0000       3           
3158941      1.0000       16          
3158943      1.0000       7           
3158957      0.8571       7           
3158959      0.7500       4           
3159012      0.8571       7           
3159127      0.4000       5           
3159144      1.0000       5           
3159148      1.0000       9           
3159155      0.8182       11          
3159158      0.6250       8           
3159161      1.0000       5           
3159163      0.6667       6           
3159174      0.6667       3           
3159197      0.8571       7           
3159198      1.0000       7           
3159199      1.0000       8           
3159201      1.0000       5           
3159207      1.0000       8           
3159209      1.0000       9           
3159220      0.8000       5           
3159221      1.0000       7           
3159239      1.0000       9           
3159240      0.6000       5           
3159319      0.6667       6           
3159395      1.0000       3           
3159619      1.0000       12          
3159689      1.0000       6           
3159843      1.0000       6           
3159845      0.6000       10          
3159847      1.0000       6           
3159874      1.0000       3           
3159875      1.0000       9           
3159949      1.0000       2           
3160086      1.0000       8           
3160094      1.0000       11          
3160105      0.4000       5           
3160108      0.6000       5           
3160239      1.0000       12          
3160359      1.0000       5           
3160362      1.0000       4           
3160374      1.0000       7           
3160378      0.5000       2           
3160386      0.8000       5           
3160401      0.4444       9           
3160403      1.0000       8           
3160427      0.7778       9           
3160457      0.6667       6           
3160459      0.5714       7           
3160460      1.0000       5           
3160464      1.0000       7           
3160466      0.6667       3           
3160479      1.0000       6           
3160480      0.6000       5           
3160484      0.7143       7           
3160485      0.6667       3           
3160491      1.0000       5           
3160506      1.0000       4           
3160510      1.0000       6           
3160511      1.0000       5           
3160512      1.0000       12          
3160513      0.6667       6           
3160514      0.7778       9           
3160529      0.6250       8           
3160532      1.0000       8           
3160544      0.6000       5           
3160561      1.0000       8           
3160564      1.0000       11          
3160565      0.6364       11          
3160566      1.0000       2           
3160933      0.5556       9           
3161036      1.0000       11          
3161056      0.5000       2           
3161263      1.0000       3           
3161327      0.8000       5           
3161342      1.0000       7           
3161344      1.0000       11          
3161347      0.8889       9           
3161360      1.0000       14          
3161366      1.0000       7           
3161378      1.0000       5           
3161379      1.0000       5           
3161462      1.0000       3           
3161532      1.0000       7           
3161578      1.0000       5           
3161590      0.7778       9           
3161600      0.6667       3           
3161601      1.0000       13          
3161631      0.8333       6           
3161635      0.6667       6           
3161641      1.0000       7           
3161644      1.0000       7           
3161645      0.6667       9           
3161646      0.6000       5           
3161677      0.6667       3           
3161694      1.0000       9           
3161700      1.0000       11          
3161712      1.0000       6           
3161716      1.0000       8           
3161717      0.6667       9           
3161725      0.7143       7           
3161726      1.0000       6           
3161733      0.7500       4           
3161751      1.0000       2           
3161752      1.0000       4           
3161789      1.0000       6           
3161897      1.0000       7           
3161998      1.0000       2           
3161999      1.0000       2           
3162059      0.7500       4           
3162154      1.0000       12          
3162254      1.0000       3           
3162350      1.0000       8           
3162351      0.6000       5           
3162615      0.5000       8           
3162618      1.0000       7           
3162622      1.0000       6           
3162639      0.5833       12          
3162699      0.5000       4           
3162761      0.5455       11          
3162782      1.0000       8           
3162797      0.7143       7           
3162805      1.0000       9           
3162806      0.8333       12          
3162820      1.0000       11          
3162821      1.0000       7           
3162838      0.8000       5           
3162839      1.0000       10          
3162845      1.0000       9           
3162847      1.0000       5           
3162860      1.0000       8           
3162933      0.6000       5           
3162992      1.0000       2           
3163103      1.0000       2           
3163155      1.0000       3           
3163193      0.5000       6           
3163203      0.7778       9           
3163378      0.6667       3           
3163387      1.0000       7           
3163391      1.0000       3           
3163399      0.5000       8           
3163400      1.0000       10          
3163409      0.8333       12          
3163411      0.5833       12          
3163538      0.6667       6           
3163616      1.0000       2           
3163686      1.0000       4           
3163690      0.4000       5           
3163691      1.0000       8           
3163698      0.6667       9           
3163700      0.3333       3           
3163702      1.0000       3           
3163703      1.0000       4           
3163709      1.0000       3           
3163714      0.5455       11          
3163715      1.0000       2           
3163716      1.0000       7           
3163717      1.0000       7           
3163719      0.7500       4           
3163720      0.6471       17          
3163723      1.0000       19          
3163737      0.8182       11          
3163751      1.0000       5           
3163752      1.0000       7           
3163754      1.0000       8           
3163757      1.0000       10          
3163766      1.0000       5           
3163781      1.0000       10          
3163792      0.9091       11          
3163799      0.6667       15          
3163802      1.0000       2           
3163803      1.0000       5           
3163808      0.6667       3           
3163812      0.4000       5           
3163813      0.8571       7           
3163815      1.0000       5           
3163828      1.0000       4           
3163848      1.0000       6           
3163852      1.0000       11          
3163879      1.0000       8           
3163920      1.0000       6           
3163977      1.0000       4           
3164017      1.0000       2           
3164084      1.0000       3           
3164103      1.0000       2           
3164113      0.6667       3           
3164163      1.0000       8           
3164224      1.0000       10          
3164239      0.7500       4           
3164339      0.6154       13          
3164397      1.0000       5           
3164466      0.3333       6           
3164493      1.0000       4           
3164497      1.0000       5           
3164504      0.8000       5           
3164535      1.0000       2           
3164555      0.6000       5           
3164558      1.0000       4           
3164559      1.0000       4           
3164563      1.0000       7           
3164600      1.0000       9           
3164607      1.0000       9           
3164614      1.0000       6           
3164615      1.0000       8           
3164618      0.6667       6           
3164620      1.0000       7           
3164625      0.5714       7           
3164641      1.0000       7           
3164650      0.6000       10          
3164652      1.0000       9           
3164660      0.7500       4           
3164670      0.6000       5           
3164672      1.0000       5           
3164673      1.0000       5           
3164713      0.3333       3           
3164815      1.0000       3           
3164821      1.0000       12          
3164856      1.0000       6           
3164873      1.0000       2           
3164905      0.8824       17          
3164908      1.0000       6           
3164957      1.0000       6           
3164996      1.0000       8           
3164997      1.0000       2           
3164998      0.6667       3           
3165039      1.0000       2           
3165143      1.0000       5           
3165151      0.7500       4           
3165164      1.0000       7           
3165193      1.0000       2           
3165196      1.0000       3           
3165238      1.0000       7           
3165287      0.5000       2           
3165312      0.8333       6           
3165334      1.0000       5           
3165337      0.8000       5           
3165427      1.0000       7           
3165526      1.0000       7           
3165536      1.0000       7           
3165538      1.0000       2           
3165549      1.0000       5           
3165550      0.5000       10          
3165552      0.5714       7           
3165553      1.0000       11          
3165566      0.7143       7           
3165567      0.6667       3           
3165583      0.8571       7           
3165665      1.0000       4           
3165765      1.0000       2           
3165801      1.0000       2           
3165803      0.6000       5           
3165805      0.6667       3           
3165812      1.0000       9           
3165816      0.6667       6           
3165824      0.8000       5           
3165825      0.6667       3           
3165828      1.0000       4           
3165845      0.8000       5           
3165856      1.0000       3           
3165857      0.6667       6           
3165901      1.0000       9           
3165969      1.0000       4           
3166200      1.0000       6           
3166211      1.0000       16          
3166358      0.6000       5           
3166364      1.0000       4           
3166373      1.0000       12          
3166374      1.0000       12          
3166376      1.0000       7           
3166414      1.0000       2           
3166425      1.0000       7           
3166426      0.6667       3           
3166466      1.0000       6           
3166483      1.0000       5           
3166510      0.6000       5           
3166511      1.0000       5           
3166513      0.8000       5           
3166529      1.0000       6           
3166615      1.0000       3           
3166616      1.0000       2           
3166869      0.6667       3           
3166919      1.0000       10          
3167068      1.0000       3           
3167127      1.0000       2           
3167128      0.6667       3           
3167136      1.0000       2           
3167140      1.0000       2           
3167152      1.0000       6           
3167160      1.0000       9           
3167161      1.0000       7           
3167166      0.6000       5           
3167167      1.0000       2           
3167168      1.0000       5           
3167170      0.5714       7           
3167171      0.6000       5           
3167176      0.7333       15          
3167178      1.0000       19          
3167179      1.0000       16          
3167192      0.8333       6           
3167194      1.0000       7           
3167213      1.0000       17          
3167214      1.0000       5           
3167226      0.8000       5           
3167231      1.0000       6           
3167238      0.6250       8           
3167250      1.0000       12          
3167276      1.0000       8           
3167279      1.0000       4           
3167281      1.0000       7           
3167283      1.0000       11          
3167285      1.0000       2           
3167287      0.7143       7           
3167293      1.0000       5           
3167294      0.9375       16          
3167295      0.5714       7           
3167319      0.8889       9           
3167474      1.0000       3           
3167477      1.0000       2           
3167480      1.0000       8           
3167612      1.0000       7           
3167622      1.0000       7           
3167703      1.0000       2           
3167704      1.0000       2           
3167705      1.0000       3           
3167712      1.0000       2           
3167743      0.5000       2           
3167816      0.3333       6           
3167920      1.0000       6           
3167927      0.6667       3           
3167936      0.5000       6           
3167991      0.8333       6           
3167999      0.6667       6           
3168208      1.0000       6           
3168209      1.0000       6           
3168211      1.0000       5           
3168212      1.0000       5           
3168243      1.0000       5           
3168244      1.0000       6           
3168250      0.5000       6           
3168270      0.6000       5           
3168297      1.0000       2           
3168384      1.0000       6           
3168394      0.7500       8           
3168446      1.0000       2           
3168582      0.8333       6           
3168612      0.6667       9           
3168616      1.0000       9           
3168679      1.0000       2           
3168685      1.0000       10          
3168687      1.0000       4           
3168692      1.0000       7           
3168702      1.0000       5           
3168712      0.6667       9           
3168731      1.0000       6           
3168734      1.0000       8           
3168762      0.6000       10          
3168810      1.0000       8           
3168811      1.0000       6           
3168896      0.5000       4           
3169014      0.5000       2           
3169045      1.0000       7           
3169051      1.0000       7           
3169099      1.0000       12          
3169100      1.0000       6           
3169101      1.0000       13          
3169102      0.6250       8           
3169103      0.5000       4           
3169246      1.0000       2           
3169257      1.0000       4           
3169267      1.0000       5           
3169362      1.0000       5           
3169370      0.5714       7           
3169508      1.0000       14          
3169530      1.0000       5           
3169563      1.0000       6           
3169586      1.0000       8           
3169588      0.7143       7           
3169589      1.0000       12          
3169604      1.0000       5           
3169606      1.0000       5           
3169623      1.0000       7           
3169644      0.6667       6           
3169655      1.0000       2           
3169685      0.8571       7           
3169688      1.0000       11          
3170017      0.7500       4           
3170018      1.0000       4           
3170126      1.0000       11          
3170127      1.0000       13          
3170135      1.0000       13          
3170137      1.0000       10          
3170138      1.0000       15          
3170147      1.0000       15          
3170148      1.0000       12          
3170160      0.7778       9           
3170164      1.0000       7           
3170165      0.8000       10          
3170168      1.0000       5           
3170175      1.0000       9           
3170230      0.8000       5           
3170240      1.0000       5           
3170256      1.0000       2           
3170258      1.0000       2           
3170283      0.6667       3           
3170329      1.0000       9           
3170354      1.0000       2           
3170377      1.0000       7           
3170389      1.0000       5           
3170396      0.7778       9           
3170418      0.6000       10          
3170434      1.0000       7           
3170435      1.0000       8           
3170436      1.0000       3           
3170440      1.0000       5           
3170445      1.0000       8           
3170447      0.6000       5           
3170456      1.0000       6           
3170457      1.0000       5           
3170462      0.7500       4           
3170467      1.0000       7           
3170468      1.0000       5           
3170486      0.6667       3           
3170715      1.0000       5           
3170791      1.0000       3           
3170849      1.0000       6           
3170928      0.5000       2           
3170950      1.0000       8           
3170951      0.8889       9           
3170956      1.0000       2           
3170959      1.0000       3           
3170962      0.5000       6           
3171056      0.5000       4           
3171058      1.0000       8           
3171069      1.0000       8           
3171211      0.5455       11          
3171212      1.0000       10          
3171216      0.7143       7           
3171402      1.0000       9           
3171412      1.0000       5           
3171438      1.0000       6           
3171439      0.9091       11          
3171440      1.0000       7           
3171442      1.0000       10          
3171446      1.0000       15          
3171456      1.0000       9           
3171469      0.4000       10          
3171501      0.6667       6           
3171506      1.0000       17          
3171507      1.0000       8           
3171571      1.0000       6           
3171572      1.0000       5           
3171658      1.0000       5           
3171678      1.0000       5           
3171827      0.8889       18          
3171838      0.7143       7           
3171853      0.3333       3           
3171854      1.0000       6           
3171859      1.0000       6           
3171863      0.5714       7           
3172084      1.0000       2           
3172170      1.0000       4           
3172216      0.6667       6           
3172219      0.8000       10          
3172222      0.8000       5           
3172235      0.7857       14          
3172240      1.0000       8           
3172258      1.0000       6           
3172272      1.0000       8           
3172273      1.0000       4           
3172293      0.7143       7           
3172304      0.6154       13          
3172308      1.0000       6           
3172315      1.0000       6           
3172318      0.6000       5           
3172322      0.3750       8           
3172323      1.0000       10          
3172325      0.8000       5           
3172327      0.6000       5           
3172328      1.0000       9           
3172337      1.0000       9           
3172338      1.0000       10          
3172340      1.0000       15          
3172349      1.0000       5           
3172352      1.0000       7           
3172358      1.0000       8           
3172389      0.8571       7           
3172391      0.8571       7           
3172393      1.0000       9           
3172396      1.0000       7           
3172404      0.5000       8           
3172409      1.0000       6           
3172410      0.7500       8           
3172429      1.0000       5           
3172439      1.0000       2           
3172487      1.0000       2           
3172510      1.0000       3           
3172563      1.0000       3           
3172579      1.0000       5           
3172580      1.0000       2           
3172670      1.0000       2           
3172699      1.0000       6           
3172903      1.0000       2           
3172961      0.6667       3           
3172962      1.0000       3           
3173019      1.0000       5           
3173062      1.0000       8           
3173193      1.0000       6           
3173242      1.0000       2           
3173320      1.0000       7           
3173331      0.4000       5           
3173339      1.0000       5           
3173350      1.0000       2           
3173352      0.5714       7           
3173354      0.6000       5           
3173378      1.0000       5           
3173383      1.0000       7           
3173386      1.0000       7           
3173390      0.8000       5           
3173391      0.6667       6           
3173392      0.5000       8           
3173393      1.0000       3           
3173396      1.0000       9           
3173404      1.0000       9           
3173413      1.0000       4           
3173415      1.0000       12          
3173416      1.0000       4           
3173417      1.0000       5           
3173432      1.0000       5           
3173604      1.0000       5           
3173802      1.0000       6           
3173826      0.5000       6           
3173829      1.0000       9           
3173976      0.7500       4           
3174033      1.0000       3           
3174195      0.7500       4           
3174196      1.0000       5           
3174199      0.6250       8           
3174201      0.8333       6           
3174204      1.0000       18          
3174206      1.0000       8           
3174207      0.8571       7           
3174209      0.3333       6           
3174214      1.0000       7           
3174226      1.0000       6           
3174227      1.0000       4           
3174228      1.0000       9           
3174232      1.0000       5           
3174233      1.0000       2           
3174234      0.8000       5           
3174237      1.0000       8           
3174252      0.5714       7           
3174295      1.0000       2           
3174297      1.0000       2           
3174318      1.0000       3           
3174325      1.0000       2           
3174341      1.0000       9           
3174342      1.0000       4           
3174407      1.0000       5           
3174408      1.0000       2           
3174458      1.0000       3           
3174460      1.0000       2           
3174858      0.6000       5           
3174879      1.0000       2           
3175038      1.0000       11          
3175141      0.6667       9           
3175150      1.0000       11          
3175151      0.5000       6           
3175152      0.8000       5           
3175156      1.0000       6           
3175157      1.0000       6           
3175329      1.0000       7           
3175330      1.0000       10          
3175342      1.0000       2           
3175350      1.0000       6           
3175361      0.6250       8           
3175371      1.0000       2           
3175375      1.0000       6           
3175403      0.4444       9           
3175421      0.6667       3           
3175616      1.0000       3           
3175851      1.0000       6           
3175852      1.0000       10          
3175868      0.6667       3           
3175995      1.0000       9           
3176017      1.0000       7           
3176047      1.0000       21          
3176197      1.0000       6           
3176204      1.0000       2           
3176242      1.0000       8           
3176287      0.7500       4           
3176363      1.0000       3           
3176364      0.8571       7           
3176535      1.0000       6           
3176557      1.0000       2           
3176569      1.0000       9           
3176570      0.6667       6           
3176586      1.0000       10          
3176595      0.6667       3           
3176604      0.7143       7           
3176606      1.0000       6           
3176607      1.0000       10          
