Event 1 Statistics:
Number of clusters: 1427
Average connectivity: 0.8713
Average track length: 6.24
Noise contamination: 84789 noise points, 8909 signal points
Signal-to-noise ratio: 0.11
Average noise ratio: 0.6372

Detailed Cluster Metrics:
Cluster ID   Connectivity Track Length
----------------------------------------
1000003      1.0000       9           
1000005      1.0000       5           
1000007      0.9167       12          
1000011      1.0000       5           
1000012      1.0000       4           
1000014      0.6667       9           
1000015      0.8750       8           
1000016      0.5714       7           
1000017      1.0000       7           
1000024      1.0000       3           
1000028      0.8000       5           
1000029      0.6667       6           
1000037      0.6667       3           
1000040      0.8571       7           
1000041      0.5000       2           
1000042      0.7500       4           
1000054      0.6000       15          
1000093      1.0000       6           
1000098      0.6364       11          
1000105      0.8182       11          
1000106      1.0000       5           
1000107      0.6000       10          
1000117      0.6667       12          
1000119      0.7778       9           
1000120      1.0000       11          
1000125      0.3333       6           
1000126      0.7778       9           
1000130      1.0000       2           
1000134      1.0000       7           
1000135      1.0000       11          
1000136      1.0000       8           
1000137      0.6667       6           
1000155      1.0000       2           
1000166      0.6000       5           
1000183      0.7143       7           
1000184      0.8182       11          
1000191      0.7143       7           
1000202      0.6000       5           
1000203      0.4000       5           
1000236      1.0000       8           
1000244      1.0000       7           
1000245      0.8571       7           
1000246      0.8333       6           
1000247      0.8889       9           
1000248      1.0000       6           
1000249      0.8333       6           
1000250      0.8889       9           
1000251      0.9000       10          
1000252      1.0000       5           
1000253      0.6667       6           
1000254      0.5714       7           
1000256      0.6000       5           
1000257      0.7778       9           
1000259      1.0000       12          
1000260      1.0000       7           
1000261      0.6000       5           
1000262      0.4000       5           
1000265      0.6250       8           
1000266      0.6250       8           
1000267      0.5000       6           
1000268      0.6250       8           
1000269      0.7143       7           
1000270      0.6667       9           
1000277      0.8000       5           
1000278      0.5000       14          
1000292      0.7143       7           
1000297      0.6667       3           
1000298      1.0000       4           
1000312      0.7143       7           
1000315      0.5000       2           
1000371      0.3333       6           
1000376      0.7500       4           
1000382      0.6667       3           
1000383      0.6667       3           
1000390      0.4000       5           
1000460      1.0000       2           
1000500      1.0000       5           
1000542      0.5000       2           
1000555      1.0000       4           
1000577      0.8333       6           
1000583      0.9091       11          
1000592      0.4000       10          
1000658      1.0000       2           
1000675      1.0000       2           
1000688      1.0000       10          
1000858      0.7500       8           
1000876      0.9000       10          
1000885      1.0000       2           
1000895      1.0000       5           
1000906      0.6667       3           
1000917      1.0000       7           
1001004      0.6000       5           
1001007      1.0000       5           
1001008      1.0000       8           
1001009      0.7500       8           
1001020      1.0000       2           
1001025      1.0000       6           
1001026      0.7500       4           
1001048      1.0000       2           
1010454      1.0000       2           
1081344      0.6667       3           
1091347      0.5000       2           
1095287      1.0000       2           
1106325      0.5000       4           
1108235      0.6000       5           
1110242      0.5000       2           
1110397      0.5000       2           
1111962      1.0000       2           
1117135      0.5000       2           
1118018      0.5714       7           
1129196      1.0000       2           
1129353      0.5000       2           
1129383      1.0000       8           
1129495      1.0000       15          
1129667      0.6667       6           
1129669      0.8000       5           
1129675      1.0000       7           
1129676      1.0000       8           
1129677      1.0000       6           
1129696      1.0000       5           
1129797      1.0000       4           
1129824      1.0000       12          
1129861      1.0000       2           
1130046      1.0000       2           
1130131      1.0000       8           
1130238      1.0000       2           
1130240      1.0000       11          
1130241      0.5714       7           
1130244      1.0000       2           
1130274      1.0000       4           
1130447      1.0000       2           
1130464      0.8000       5           
1130465      0.5000       2           
1130478      1.0000       13          
1130529      0.5000       2           
1130619      0.7500       8           
1130643      1.0000       3           
1130644      0.6000       5           
1130645      1.0000       5           
1130657      0.5000       6           
1130658      1.0000       7           
1130668      0.5000       4           
1130678      0.7273       11          
1130679      1.0000       4           
1130682      1.0000       6           
1130684      1.0000       2           
1130822      1.0000       2           
1130827      1.0000       5           
1130992      1.0000       4           
1130994      1.0000       2           
1130997      1.0000       3           
1130999      1.0000       5           
1131022      1.0000       14          
1131049      0.7500       16          
1131056      0.6000       5           
1131061      0.6667       6           
1131270      1.0000       9           
1131311      0.6667       3           
1131327      1.0000       7           
1131328      0.7500       4           
1131330      1.0000       2           
1131336      1.0000       7           
1131341      1.0000       8           
1131357      0.5556       9           
1131491      1.0000       7           
1131599      1.0000       2           
1131621      0.3333       3           
1131723      1.0000       3           
1131811      1.0000       5           
1131816      1.0000       6           
1131817      0.7500       4           
1131821      1.0000       13          
1131822      1.0000       11          
1131824      0.6000       5           
1131855      1.0000       8           
1131857      1.0000       5           
1131865      1.0000       4           
1131867      1.0000       6           
1131878      0.7143       7           
1131884      1.0000       5           
1132033      1.0000       2           
1132069      0.5000       2           
1132072      1.0000       8           
1132073      0.6667       3           
1132093      1.0000       3           
1132128      0.5000       6           
1132196      1.0000       8           
1132197      1.0000       5           
1132204      1.0000       3           
1132306      1.0000       8           
1132312      0.8571       7           
1132318      0.3333       6           
1132421      0.6667       3           
1132475      1.0000       5           
1132478      1.0000       11          
1132488      1.0000       7           
1132491      1.0000       2           
1132519      1.0000       10          
1132520      1.0000       8           
1132521      0.5714       7           
1132522      1.0000       10          
1132523      1.0000       7           
1132527      0.7000       10          
1132534      1.0000       5           
1132550      1.0000       9           
1132553      1.0000       6           
1132555      0.5000       6           
1132556      0.5000       6           
1132557      1.0000       5           
1132570      0.6667       9           
1132571      0.8333       6           
1132574      0.8889       9           
1132602      1.0000       9           
1132619      1.0000       5           
1132626      1.0000       2           
1132649      1.0000       7           
1132667      0.6667       9           
1132683      1.0000       5           
1132692      1.0000       3           
1132702      1.0000       2           
1132721      1.0000       2           
1132773      1.0000       3           
1132774      1.0000       4           
1132788      1.0000       7           
1132938      0.5000       2           
1133101      0.5000       2           
1133128      1.0000       3           
1133185      1.0000       2           
1133340      0.5714       7           
1133351      1.0000       4           
1133415      1.0000       2           
1133437      1.0000       2           
1133493      1.0000       2           
1133495      1.0000       4           
1133499      1.0000       15          
1133626      1.0000       4           
1133775      1.0000       6           
1133788      1.0000       6           
1133806      1.0000       9           
1133928      0.6667       3           
1133938      1.0000       2           
1133967      0.9167       12          
1134051      1.0000       11          
1134058      1.0000       6           
1134087      1.0000       6           
1134089      1.0000       9           
1134098      1.0000       7           
1134100      0.8000       5           
1134125      1.0000       4           
1134334      1.0000       9           
1134335      1.0000       9           
1134340      1.0000       5           
1134341      0.7692       13          
1134342      0.7000       10          
1134343      1.0000       7           
1134344      0.6250       8           
1134345      1.0000       7           
1134346      1.0000       8           
1134353      1.0000       5           
1134354      1.0000       8           
1134360      1.0000       7           
1134361      1.0000       6           
1134366      0.8571       7           
1134368      1.0000       4           
1134369      1.0000       9           
1134407      0.7000       10          
1134421      1.0000       6           
1134426      1.0000       10          
1134431      1.0000       7           
1134437      1.0000       4           
1134438      1.0000       7           
1134440      0.8000       5           
1134442      0.4286       7           
1134473      1.0000       9           
1134475      1.0000       6           
1134479      1.0000       7           
1134480      0.3333       6           
1134481      1.0000       5           
1134842      1.0000       2           
1134844      1.0000       3           
1134930      0.7500       4           
1134931      1.0000       5           
1135045      1.0000       4           
1135050      0.8571       7           
1135063      0.4000       5           
1135190      1.0000       4           
1135215      0.6000       5           
1135331      1.0000       9           
1135350      1.0000       7           
1135745      1.0000       10          
1135750      1.0000       5           
1135762      1.0000       8           
1135764      1.0000       5           
1135767      1.0000       8           
1135784      1.0000       8           
1135785      1.0000       4           
1135786      0.9091       11          
1135947      1.0000       5           
1136044      1.0000       7           
1136111      0.5000       2           
1136188      1.0000       6           
1136189      1.0000       5           
1136190      1.0000       9           
1136192      1.0000       4           
1136209      1.0000       14          
1136211      0.8571       7           
1136213      1.0000       6           
1136214      0.4000       5           
1136220      0.6000       5           
1136221      1.0000       6           
1136233      1.0000       10          
1136250      0.6667       3           
1136254      1.0000       6           
1136255      1.0000       7           
1136258      1.0000       8           
1136271      1.0000       7           
1136273      0.7500       12          
1136278      0.8889       9           
1136284      1.0000       7           
1136290      1.0000       7           
1136297      1.0000       8           
1136320      1.0000       3           
1136336      1.0000       7           
1136354      0.6667       3           
1136355      0.7500       4           
1136565      1.0000       2           
1136585      1.0000       3           
1136796      0.6250       8           
1136801      1.0000       7           
1136802      1.0000       3           
1136803      1.0000       6           
1136809      1.0000       2           
1136810      0.5455       11          
1136815      0.5000       8           
1136822      1.0000       7           
1136832      1.0000       7           
1136845      1.0000       2           
1136859      0.4286       7           
1136869      1.0000       9           
1136883      1.0000       7           
1136909      0.8571       7           
1137039      0.7778       9           
1137133      0.5000       2           
1137301      1.0000       10          
1137302      1.0000       7           
1137308      1.0000       8           
1137350      1.0000       8           
1137358      0.6667       3           
1137375      1.0000       9           
1137458      1.0000       4           
1137542      0.8571       7           
1137543      1.0000       6           
1137610      1.0000       7           
1137694      0.5000       2           
1137879      1.0000       14          
1137888      1.0000       9           
1137890      1.0000       7           
1137894      0.7778       9           
1137895      0.8000       5           
1137897      0.6000       5           
1137898      0.7500       4           
1137909      1.0000       9           
1137918      1.0000       3           
1137919      1.0000       10          
1137932      1.0000       5           
1137933      0.6667       3           
1137934      1.0000       8           
1137935      0.4000       5           
1137936      1.0000       4           
1137937      1.0000       5           
1137945      0.4167       12          
1137951      0.6667       3           
1137969      0.7143       7           
1137973      1.0000       5           
1137974      1.0000       5           
1137975      0.6000       5           
1137978      0.6667       6           
1137991      1.0000       10          
1137992      1.0000       4           
1138012      0.6250       8           
1138013      0.5000       8           
1138019      1.0000       2           
1138022      0.5714       7           
1138044      0.3333       6           
1138045      0.6667       6           
1138048      0.5714       7           
1138049      0.5714       7           
1138067      1.0000       8           
1138068      1.0000       8           
1138069      1.0000       7           
1138070      1.0000       10          
1138114      1.0000       2           
1138124      1.0000       2           
1138195      1.0000       5           
1138196      1.0000       8           
1138505      0.6000       5           
1138506      1.0000       2           
1138539      1.0000       6           
1138570      0.8333       6           
1138571      1.0000       8           
1138586      0.7500       4           
1138598      0.8333       6           
1138604      1.0000       9           
1138635      0.5000       2           
1138659      1.0000       4           
1138666      0.8571       7           
1138705      0.8889       9           
1138709      1.0000       15          
1138712      1.0000       8           
1138750      1.0000       12          
1138758      1.0000       7           
1138775      1.0000       7           
1138798      1.0000       4           
1138813      0.7500       4           
1138815      0.8571       7           
1138821      1.0000       4           
1138822      0.8000       5           
1138830      0.3333       6           
1138853      1.0000       12          
1138857      0.8571       7           
1138858      1.0000       8           
1138862      1.0000       2           
1138871      1.0000       7           
1138873      1.0000       2           
1138874      1.0000       5           
1138882      1.0000       23          
1138885      0.6250       8           
1138923      1.0000       8           
1138931      0.6667       6           
1139098      1.0000       2           
1139324      1.0000       2           
1139608      0.6667       12          
1139611      0.9286       14          
1139612      0.4286       7           
1139613      1.0000       5           
1139634      0.7500       4           
1139635      1.0000       4           
1139636      1.0000       8           
1139656      1.0000       9           
1139658      0.2500       4           
1139660      1.0000       8           
1139749      1.0000       8           
1139804      1.0000       2           
1139845      1.0000       2           
1139854      1.0000       10          
1139860      0.8333       6           
1139948      1.0000       7           
1139956      0.5000       2           
1140029      1.0000       2           
1140032      1.0000       5           
1140053      0.8000       5           
1140196      1.0000       13          
1140432      0.9286       14          
1140435      0.6667       3           
1140460      1.0000       3           
1140531      1.0000       5           
1140550      1.0000       7           
1140556      1.0000       16          
1140557      1.0000       7           
1140558      0.8333       6           
1140567      1.0000       22          
1140575      1.0000       8           
1140580      1.0000       4           
1140581      1.0000       5           
1140582      0.8000       5           
1140590      0.8333       6           
1140755      1.0000       2           
1140784      1.0000       6           
1140798      1.0000       4           
1140862      1.0000       2           
1140945      0.6000       5           
1140946      0.7500       4           
1140947      0.6667       3           
1140948      1.0000       6           
1140951      1.0000       7           
1140952      0.5455       11          
1140962      0.8462       13          
1140966      1.0000       5           
1141153      0.5000       4           
1141161      0.7778       9           
1141311      1.0000       9           
1141316      0.7143       14          
1141320      1.0000       3           
1141321      0.5000       2           
1141324      0.8889       9           
1141361      0.6000       5           
1141474      0.7500       4           
1141541      1.0000       3           
1141624      1.0000       2           
1141626      0.6250       8           
1141632      0.6000       5           
1141633      0.5714       7           
1141671      0.8750       8           
1141694      1.0000       8           
1141721      1.0000       2           
1141778      1.0000       7           
1141783      0.6000       5           
1141879      1.0000       6           
1141882      0.7143       7           
1141891      0.8333       6           
1141894      1.0000       10          
1141985      0.5000       2           
1142012      0.6667       3           
1142013      1.0000       5           
1142014      0.5556       9           
1142026      0.8333       6           
1142027      1.0000       2           
1142028      1.0000       5           
1142031      0.6000       5           
1142035      1.0000       12          
1142044      1.0000       3           
1142047      1.0000       3           
1142052      0.8000       5           
1142054      0.7500       4           
1142230      1.0000       2           
1142233      1.0000       5           
1142234      1.0000       8           
1142235      1.0000       6           
1142236      1.0000       3           
1142238      1.0000       5           
1142241      1.0000       13          
1142268      1.0000       5           
1142281      1.0000       2           
1142284      0.7500       8           
1142286      1.0000       7           
1142298      1.0000       4           
1142323      0.7500       4           
1142324      0.5000       12          
1142327      0.5000       6           
1142504      1.0000       2           
1142582      1.0000       6           
1142703      1.0000       3           
1142813      1.0000       3           
1142825      0.6667       6           
1142847      0.6000       5           
1142984      1.0000       5           
1142988      1.0000       6           
1142989      1.0000       8           
1142996      0.7692       13          
1143003      0.7500       8           
1143010      1.0000       8           
1143026      1.0000       11          
1143028      1.0000       7           
1143029      1.0000       4           
1143030      1.0000       10          
1143033      1.0000       9           
1143040      1.0000       11          
1143044      0.8750       8           
1143045      0.7500       4           
1143048      1.0000       6           
1143057      1.0000       8           
1143061      1.0000       3           
1143066      0.8000       5           
1143069      1.0000       8           
1143105      1.0000       11          
1143106      1.0000       5           
1143109      0.8333       6           
1143113      1.0000       5           
1143116      1.0000       7           
1143117      0.7500       8           
1143119      1.0000       8           
1143129      0.8889       9           
1143148      0.6667       3           
1143149      0.6000       5           
1143151      0.7143       7           
1143192      0.5455       11          
1143225      1.0000       3           
1143370      1.0000       4           
1143405      0.8000       5           
1143408      0.5000       4           
1143411      1.0000       4           
1143428      0.6667       9           
1143460      1.0000       4           
1143490      1.0000       2           
1143514      1.0000       8           
1143541      1.0000       2           
1143615      1.0000       7           
1143628      0.8000       5           
1143764      1.0000       5           
1143765      0.8000       5           
1143778      1.0000       4           
1143794      1.0000       12          
1143828      1.0000       7           
1143829      0.6250       8           
1143830      1.0000       8           
1143841      1.0000       6           
1143861      0.8333       6           
1143866      1.0000       10          
1143870      0.8571       7           
1143882      1.0000       4           
1144093      1.0000       11          
1144097      0.5000       2           
1144166      1.0000       6           
1144185      1.0000       7           
1144187      1.0000       3           
1144191      1.0000       8           
1144213      0.5000       2           
1144214      0.5333       15          
1144226      1.0000       2           
1144370      1.0000       3           
1144373      1.0000       7           
1144437      1.0000       2           
1144464      0.6000       5           
1144465      0.5714       7           
1144515      1.0000       3           
1144606      1.0000       2           
1144644      0.5000       4           
1144826      1.0000       12          
1144827      0.8000       5           
1144830      1.0000       4           
1144835      0.6667       6           
1144841      0.6364       11          
1144890      1.0000       2           
1144924      1.0000       19          
1145010      1.0000       18          
1145021      1.0000       2           
1145099      0.6667       9           
1145106      0.5714       7           
1145107      0.8571       7           
1145121      0.6667       3           
1145281      0.5000       8           
1145465      1.0000       2           
1145466      1.0000       4           
1145474      0.3750       8           
1145476      0.6667       9           
1145490      0.8182       11          
1145505      1.0000       5           
1145508      1.0000       2           
1145525      0.5000       10          
1145526      0.6000       5           
1145530      1.0000       6           
1145531      1.0000       3           
1145554      0.6667       3           
1145556      1.0000       5           
1145558      0.3636       11          
1145560      0.6000       5           
1145566      0.7143       7           
1145849      1.0000       2           
1146201      1.0000       2           
1146203      1.0000       2           
1146207      1.0000       5           
1146226      1.0000       6           
1146228      0.5000       12          
1146229      1.0000       2           
1146231      1.0000       7           
1146251      1.0000       5           
1146253      0.7000       10          
1146255      1.0000       8           
1146274      1.0000       10          
1146275      0.8333       6           
1146277      0.6000       10          
1146284      0.8333       6           
1146395      1.0000       6           
1146455      0.6250       8           
1146483      1.0000       2           
1146491      1.0000       8           
1146493      0.5000       2           
1146594      1.0000       2           
1146599      1.0000       19          
1146608      1.0000       7           
1146611      1.0000       8           
1146644      1.0000       10          
1146647      1.0000       12          
1146650      1.0000       8           
1146655      1.0000       8           
1146660      1.0000       6           
1146685      1.0000       11          
1146690      0.7500       4           
1146699      0.6250       16          
1146716      1.0000       2           
1146748      1.0000       2           
1146871      0.5714       7           
1147023      0.8571       7           
1147097      0.8889       9           
1147100      0.6667       9           
1147101      1.0000       2           
1147107      0.8333       6           
1147193      1.0000       7           
1147210      0.6667       6           
1147235      1.0000       4           
1147297      1.0000       5           
1147305      1.0000       3           
1147313      0.8182       11          
1147331      0.7500       4           
1147337      1.0000       7           
1147361      1.0000       2           
1147380      1.0000       7           
1147382      0.5000       6           
1147384      1.0000       6           
1147420      0.7500       4           
1147619      1.0000       8           
1147776      1.0000       3           
1147783      1.0000       6           
1147829      1.0000       4           
1147830      0.7143       7           
1147868      1.0000       10          
1147945      1.0000       2           
1147946      1.0000       5           
1147947      1.0000       7           
1147963      1.0000       12          
1148063      1.0000       3           
1148365      0.7000       10          
1148366      0.5000       2           
1148371      0.8000       5           
1148406      1.0000       3           
1148450      1.0000       2           
1148452      1.0000       16          
1148459      1.0000       8           
1148568      0.7143       7           
1148569      1.0000       5           
1148584      1.0000       10          
1148814      0.8333       6           
1148823      1.0000       6           
1148827      0.8000       5           
1148910      1.0000       8           
1148918      1.0000       9           
1148919      1.0000       8           
1148920      0.8333       6           
1148921      0.8000       5           
1148922      0.6000       10          
1148938      0.6000       5           
1148942      1.0000       7           
1148943      0.6667       3           
1148947      1.0000       5           
1148950      1.0000       9           
1148961      0.7143       7           
1148966      1.0000       9           
1148967      0.5714       7           
1148970      1.0000       2           
1148972      0.7500       8           
1148974      1.0000       8           
1148975      1.0000       7           
1148986      1.0000       10          
1149010      1.0000       11          
1149012      0.6000       5           
1149023      1.0000       8           
1149024      1.0000       6           
1149025      0.6667       6           
1149029      1.0000       7           
1149030      0.8000       5           
1149031      1.0000       7           
1149051      1.0000       9           
1149052      1.0000       3           
1149053      1.0000       6           
1149057      1.0000       3           
1149059      0.5455       11          
1149061      1.0000       9           
1149082      1.0000       7           
1149094      1.0000       6           
1149161      1.0000       6           
1149164      1.0000       9           
1149166      1.0000       2           
1149252      1.0000       2           
1149262      1.0000       2           
1149423      1.0000       2           
1149559      1.0000       2           
1149610      0.5000       6           
1149672      1.0000       3           
1149691      1.0000       4           
1149828      1.0000       5           
1149843      1.0000       7           
1149849      1.0000       5           
1149850      1.0000       6           
1149855      1.0000       5           
1149868      1.0000       3           
1149880      1.0000       5           
1149894      1.0000       6           
1149898      1.0000       5           
1149916      0.5000       2           
1149917      1.0000       5           
1149928      0.8000       10          
1149930      1.0000       7           
1149931      0.4000       5           
1149932      0.8333       6           
1149933      0.9167       12          
1149955      1.0000       4           
1149993      1.0000       5           
1149995      0.5000       4           
1149999      1.0000       6           
1150011      0.7143       7           
1150086      1.0000       10          
1150254      0.8000       5           
1150278      1.0000       10          
1150502      1.0000       2           
1150561      1.0000       2           
1150659      1.0000       5           
1150703      1.0000       2           
1150895      1.0000       4           
1150900      1.0000       6           
1150906      1.0000       2           
1150910      1.0000       5           
1151009      0.6667       6           
1151156      0.6000       10          
1151159      1.0000       2           
1151171      0.5714       7           
1151183      0.5000       4           
1151207      0.7000       10          
1151224      1.0000       5           
1151244      0.8750       8           
1151267      1.0000       4           
1151288      1.0000       3           
1151314      1.0000       5           
1151590      1.0000       7           
1151670      0.6000       5           
1151682      0.5000       6           
1151694      0.5000       4           
1151781      1.0000       2           
1151802      1.0000       6           
1151808      1.0000       6           
1151809      0.6667       6           
1151821      1.0000       6           
1151831      1.0000       5           
1151832      1.0000       15          
1152045      1.0000       8           
1152059      1.0000       13          
1152070      1.0000       2           
1152073      1.0000       16          
1152083      1.0000       10          
1152098      1.0000       13          
1152104      1.0000       5           
1152119      0.7143       7           
1152122      0.5000       4           
1152124      0.5000       6           
1152125      1.0000       7           
1152126      0.8000       5           
1152129      1.0000       5           
1152141      1.0000       12          
1152143      1.0000       5           
1152144      1.0000       4           
1152151      1.0000       7           
1152168      1.0000       13          
1152185      1.0000       7           
1152188      0.8000       5           
1152269      1.0000       3           
1152305      1.0000       5           
1152306      1.0000       3           
1152312      1.0000       3           
1152394      1.0000       2           
1152431      1.0000       5           
1152432      1.0000       3           
1152538      1.0000       2           
1152608      1.0000       3           
1152702      1.0000       8           
1152907      1.0000       10          
1152927      1.0000       7           
1152930      1.0000       6           
1152931      1.0000       12          
1152944      1.0000       9           
1152970      1.0000       2           
1152972      0.7500       4           
1152980      1.0000       5           
1152982      1.0000       4           
1152985      1.0000       3           
1153045      1.0000       10          
1153128      1.0000       4           
1153132      1.0000       2           
1153133      0.5833       12          
1153172      1.0000       2           
1153229      1.0000       9           
1153234      1.0000       4           
1153235      0.6250       8           
1153236      0.7000       10          
1153241      1.0000       4           
1153246      1.0000       7           
1153248      0.5455       11          
1153250      0.5000       2           
1153251      0.6000       5           
1153252      0.7500       8           
1153260      1.0000       6           
1153278      1.0000       15          
1153279      1.0000       7           
1153281      1.0000       9           
1153282      0.6667       3           
1153288      0.8333       6           
1153289      1.0000       5           
1153294      1.0000       6           
1153295      1.0000       2           
1153297      0.7500       4           
1153298      1.0000       4           
1153304      1.0000       2           
1153305      0.8750       8           
1153310      0.6667       9           
1153332      0.6667       9           
1153333      0.6667       9           
1153334      0.7143       7           
1153335      0.7500       8           
1153337      1.0000       3           
1153338      1.0000       8           
1153342      1.0000       3           
1153367      1.0000       4           
1153542      1.0000       2           
1153584      1.0000       5           
1153591      1.0000       6           
1153635      1.0000       2           
1153694      0.3333       6           
1153791      1.0000       2           
1153802      1.0000       5           
1153803      1.0000       9           
1153806      1.0000       6           
1153810      1.0000       9           
1153811      1.0000       10          
1153815      1.0000       19          
1153816      1.0000       9           
1153821      1.0000       6           
1153822      1.0000       3           
1153826      1.0000       5           
1153857      0.5000       2           
1153859      1.0000       8           
1153862      1.0000       8           
1153865      1.0000       7           
1153876      1.0000       6           
1153880      0.6000       5           
1153883      1.0000       8           
1153900      0.6667       6           
1153910      0.6667       3           
1153918      0.6000       5           
1153921      1.0000       11          
1153922      0.5556       9           
1153937      1.0000       7           
1153940      1.0000       7           
1153946      0.7500       8           
1153977      1.0000       16          
1153978      0.5714       7           
1153979      0.8000       5           
1153992      0.5000       6           
1154031      1.0000       8           
1154039      1.0000       7           
1154048      0.8333       6           
1154122      1.0000       2           
1154123      1.0000       2           
1154316      0.4000       5           
1154413      0.6667       6           
1154606      1.0000       10          
1154653      1.0000       6           
1154749      1.0000       14          
1154784      0.6667       3           
1154815      1.0000       3           
1154826      1.0000       3           
1154922      1.0000       5           
1154927      0.5714       7           
1154931      0.8000       5           
1154932      1.0000       7           
1154949      0.8750       8           
1154958      0.7143       7           
1154959      1.0000       7           
1154968      0.7500       8           
1154969      1.0000       7           
1154976      1.0000       5           
1154977      1.0000       7           
1155007      1.0000       3           
1155039      1.0000       2           
1155040      1.0000       5           
1155068      1.0000       4           
1155071      1.0000       2           
1155214      1.0000       7           
1155218      1.0000       6           
1155220      0.5000       4           
1155283      1.0000       2           
1155319      1.0000       2           
1155566      1.0000       10          
1155756      1.0000       4           
1155767      0.5714       7           
1155768      1.0000       3           
1155769      0.7143       7           
1155777      0.5714       7           
1155784      0.6250       8           
1155785      1.0000       7           
1155787      0.6250       8           
1155804      0.6667       6           
1155832      0.7500       4           
1155882      1.0000       10          
1155970      0.8261       23          
1155971      1.0000       5           
1155990      1.0000       4           
1155991      1.0000       3           
1155992      0.7500       4           
1155996      1.0000       2           
1155998      1.0000       4           
1156146      1.0000       10          
1156164      1.0000       9           
1156313      0.5000       4           
1156361      1.0000       11          
1156550      0.5714       7           
1156609      1.0000       2           
1156646      1.0000       2           
1156668      1.0000       2           
1156672      1.0000       6           
1156680      1.0000       2           
1156682      1.0000       5           
1156683      1.0000       8           
1156686      1.0000       7           
1156699      1.0000       12          
1156728      1.0000       3           
1156800      1.0000       8           
1156801      1.0000       7           
1156865      0.7143       7           
1156871      1.0000       11          
1156895      0.4000       5           
1156898      1.0000       18          
1156903      1.0000       6           
1157204      0.6000       5           
1157229      1.0000       2           
1157246      1.0000       3           
1157263      0.7500       8           
1157321      1.0000       2           
1157324      1.0000       6           
1157325      0.6154       13          
1157326      0.5000       8           
1157331      0.5714       7           
1157333      0.8571       7           
1157334      1.0000       5           
1157348      1.0000       2           
1157350      1.0000       7           
1157351      1.0000       3           
1157353      0.6667       6           
1157364      1.0000       6           
1157378      0.4286       7           
1157380      0.6154       13          
1157395      1.0000       5           
1157397      0.7500       8           
1157398      0.6667       6           
1157399      1.0000       9           
1157409      1.0000       8           
1157410      0.8750       8           
1157423      1.0000       3           
1157429      1.0000       11          
1157440      1.0000       9           
1157441      1.0000       9           
1157448      1.0000       2           
1157451      1.0000       6           
1157455      1.0000       6           
1157491      1.0000       5           
1157493      0.7500       4           
1157495      0.6667       6           
1157498      1.0000       9           
1157521      1.0000       7           
1157544      1.0000       7           
1157877      1.0000       2           
1157889      1.0000       2           
1157890      1.0000       3           
1157902      1.0000       10          
1157903      1.0000       11          
1157945      1.0000       9           
1158029      1.0000       5           
1158174      0.8000       10          
1158194      0.4000       5           
1158206      1.0000       5           
1158210      1.0000       3           
1158220      0.8333       6           
1158394      1.0000       2           
1158454      0.6667       12          
1158455      1.0000       6           
1158456      1.0000       6           
1158469      1.0000       2           
1158475      0.5714       7           
1158478      0.7143       7           
1158486      1.0000       3           
1158572      0.3333       3           
1158575      0.7000       10          
1158592      1.0000       3           
1158611      0.8000       5           
1158612      0.5000       4           
1158624      1.0000       4           
1158649      1.0000       4           
1158779      1.0000       2           
1158793      0.8000       5           
1158830      1.0000       6           
1158908      0.8333       6           
1158909      0.8000       5           
1158913      1.0000       2           
1158944      1.0000       7           
1158945      1.0000       2           
1158960      1.0000       7           
1158966      1.0000       6           
1158969      0.8571       7           
1158985      1.0000       7           
1158987      1.0000       4           
1159015      1.0000       13          
1159032      1.0000       7           
1159053      1.0000       2           
1159145      1.0000       2           
1159195      1.0000       2           
1159234      1.0000       7           
1159472      0.3750       8           
1159535      1.0000       4           
1159540      0.5000       4           
1159600      1.0000       14          
1159605      0.6667       9           
1159610      0.5000       4           
1159616      1.0000       3           
1159764      1.0000       13          
1159772      1.0000       10          
1159776      1.0000       2           
1159779      1.0000       5           
1159781      0.7143       7           
1159782      1.0000       5           
1159798      1.0000       5           
1159819      1.0000       7           
1159820      0.6667       3           
1159824      0.6000       5           
1159825      1.0000       9           
1159829      0.4444       9           
1159831      0.8000       5           
1159862      0.7500       8           
1159863      1.0000       19          
1159876      0.5000       2           
1160043      1.0000       4           
1160045      1.0000       3           
1160046      0.7143       14          
1160310      1.0000       8           
1160311      1.0000       11          
1160313      1.0000       8           
1160314      0.7500       4           
1160315      1.0000       9           
1160330      0.8000       5           
1160334      1.0000       8           
1160335      0.7368       19          
1160339      0.5000       6           
1160360      0.4000       5           
1160363      0.7500       4           
1160394      1.0000       11          
1160395      1.0000       15          
1160396      0.8571       7           
1160398      1.0000       13          
1160402      0.6667       6           
1160412      1.0000       5           
1160413      1.0000       13          
1160415      1.0000       6           
1160426      1.0000       8           
1160429      1.0000       9           
1160450      0.3333       6           
1160457      0.6667       3           
1160480      1.0000       2           
1160543      1.0000       2           
1160544      1.0000       2           
1160779      1.0000       5           
1160863      0.5000       2           
1160905      1.0000       5           
1160906      0.7500       4           
1160923      0.5000       6           
1160935      1.0000       4           
1160963      1.0000       2           
1161019      0.6667       3           
1161107      0.6000       5           
1161113      1.0000       5           
1161116      1.0000       7           
1161123      1.0000       7           
1161124      0.8000       5           
1161126      1.0000       4           
1161145      0.8571       7           
1161146      1.0000       11          
1161155      1.0000       4           
1161159      1.0000       5           
1161161      0.7000       10          
1161180      0.8182       11          
1161236      0.7500       4           
1161280      1.0000       2           
1161339      1.0000       2           
1161342      1.0000       6           
1161343      0.4286       7           
1161346      0.6000       5           
1161347      0.5714       7           
1161355      1.0000       8           
1161401      0.8571       7           
1161426      0.5000       2           
1161454      1.0000       4           
1161511      1.0000       6           
1161514      1.0000       7           
1161528      1.0000       5           
1161691      0.8333       6           
1161714      0.8333       6           
1161727      1.0000       6           
1161763      1.0000       4           
1161764      0.4000       5           
1161765      1.0000       2           
1161766      1.0000       9           
1161773      0.6667       3           
1161786      0.4000       10          
1161788      1.0000       2           
1161790      0.9091       11          
1161792      1.0000       5           
1161804      0.7143       7           
1161805      1.0000       10          
1161823      1.0000       3           
1161825      1.0000       2           
1161827      0.8333       6           
1161828      0.5714       7           
1161858      1.0000       8           
1161865      0.5000       8           
1161867      1.0000       8           
1162108      0.6000       5           
1162140      0.5714       7           
1162211      1.0000       2           
1162287      1.0000       2           
1162289      1.0000       5           
1162335      0.5000       6           
1162410      1.0000       8           
1162411      1.0000       5           
1162414      1.0000       7           
1162437      0.6667       3           
1162499      0.6667       6           
1162540      1.0000       2           
1162597      1.0000       2           
1162601      1.0000       4           
1162605      0.5000       6           
1162638      0.8000       5           
1162697      1.0000       6           
1162699      1.0000       6           
1162701      1.0000       7           
1162720      1.0000       2           
1162947      1.0000       2           
1163058      1.0000       3           
1163062      0.6667       6           
1163067      0.5000       4           
1163159      1.0000       4           
1163186      1.0000       9           
1163196      0.8333       6           
1163209      1.0000       5           
1163210      1.0000       11          
1163219      1.0000       6           
1163294      1.0000       4           
1163324      0.5000       6           
1163500      1.0000       12          
1163507      1.0000       11          
1163508      0.6667       3           
1163512      1.0000       5           
1163518      0.8571       7           
1163556      1.0000       2           
1163583      1.0000       2           
1163598      1.0000       10          
1163611      1.0000       6           
1163629      0.5714       7           
1163815      1.0000       3           
1163816      0.7143       7           
1163833      0.5000       6           
1163836      0.4000       5           
1163840      0.7500       4           
1164002      0.6250       8           
1164017      0.5455       11          
1164022      0.6000       5           
1164036      1.0000       6           
1164049      1.0000       2           
1164092      1.0000       6           
1164194      1.0000       4           
1164196      0.3333       6           
1164217      0.5000       4           
1164220      1.0000       13          
1164224      1.0000       5           
1164233      0.8000       5           
1164234      1.0000       10          
1164259      0.6250       8           
1164414      1.0000       5           
1164533      1.0000       9           
1164535      0.6250       8           
1164536      1.0000       4           
1164537      1.0000       3           
1164539      0.4000       5           
1164542      1.0000       5           
1164543      1.0000       2           
1164547      1.0000       2           
1164554      1.0000       16          
1164556      1.0000       3           
1164559      1.0000       11          
1164560      1.0000       6           
1164570      1.0000       2           
1164577      1.0000       5           
1164579      0.6250       8           
1164581      1.0000       8           
1164584      0.5000       6           
1164586      1.0000       6           
1164587      1.0000       5           
1164603      0.6364       11          
1164605      0.8000       5           
1164606      0.8333       6           
1164607      1.0000       7           
1164618      1.0000       3           
1164648      1.0000       6           
1164727      1.0000       3           
1164865      0.4000       5           
1164904      0.5000       2           
1164962      0.7143       7           
1165023      0.6667       3           
1165051      1.0000       8           
1165057      1.0000       4           
1165102      1.0000       2           
1165153      1.0000       2           
1165160      0.6667       6           
1165252      0.6667       9           
1165277      1.0000       4           
1165338      1.0000       3           
1165478      0.6000       5           
1165534      1.0000       11          
1165536      1.0000       4           
1165565      1.0000       5           
1165569      1.0000       5           
1165572      0.7500       4           
1165579      1.0000       3           
1165607      1.0000       11          
1165619      1.0000       21          
1165731      1.0000       7           
1165732      1.0000       2           
1165808      1.0000       12          
1165918      1.0000       2           
1165957      0.5714       7           
1165978      1.0000       7           
1165979      1.0000       10          
1165985      1.0000       7           
1165986      1.0000       7           
1166095      0.6667       6           
1166112      1.0000       4           
1166113      1.0000       4           
1166115      1.0000       8           
1166123      0.8000       10          
1166129      0.5000       6           
1166130      0.5556       9           
1166131      0.8889       9           
1166132      0.6250       8           
1166133      1.0000       4           
1166228      1.0000       14          
1166338      0.5000       6           
1166344      1.0000       10          
1166347      0.9000       10          
1166359      1.0000       8           
1166362      1.0000       4           
1166367      0.8000       5           
1166370      1.0000       5           
1166371      1.0000       6           
1166406      0.7778       9           
1166412      1.0000       2           
1166419      0.8000       10          
1166422      1.0000       5           
1166444      1.0000       6           
1166446      1.0000       17          
1166456      1.0000       6           
1166457      0.6667       3           
1166458      1.0000       5           
1166466      1.0000       5           
1166476      0.5714       7           
1166639      1.0000       6           
1166764      0.5000       6           
1166982      1.0000       3           
1167098      1.0000       6           
1167101      1.0000       14          
1167102      1.0000       13          
1167103      1.0000       11          
1167108      0.5714       7           
1167109      1.0000       7           
1167125      0.3333       6           
1167129      1.0000       9           
1167135      0.6000       10          
1167156      0.5000       2           
1167220      1.0000       5           
1167466      1.0000       5           
1167509      1.0000       6           
1167513      1.0000       4           
1167528      1.0000       4           
1167537      0.7000       10          
1167540      0.5714       7           
1167541      1.0000       8           
1167543      0.5000       12          
1167551      1.0000       5           
1167556      1.0000       6           
1167572      1.0000       5           
1167573      0.5714       7           
1167574      1.0000       11          
1167577      1.0000       17          
1167581      1.0000       2           
1167582      1.0000       9           
1167585      1.0000       7           
1167596      1.0000       9           
1167609      1.0000       7           
1167628      1.0000       7           
1167645      1.0000       2           
1167660      1.0000       4           
1167661      0.5714       7           
1167683      0.6667       3           
1167686      1.0000       3           
1167690      1.0000       6           
1167717      0.3333       3           
1167719      0.8571       7           
1167737      1.0000       15          
1167740      0.6667       6           
1167767      1.0000       3           
1167772      1.0000       9           
1167857      1.0000       2           
1167917      1.0000       7           
1167992      1.0000       3           
1167993      1.0000       2           
1168103      1.0000       5           
1168122      1.0000       3           
1168142      1.0000       3           
1168359      0.3750       8           
1168360      1.0000       7           
1168393      1.0000       2           
1168416      0.5000       2           
1168453      0.8000       10          
1168500      0.4000       5           
1168537      1.0000       4           
1168545      1.0000       2           
1168699      1.0000       9           
1168743      1.0000       10          
1168749      1.0000       9           
1168753      1.0000       7           
1168756      1.0000       5           
1168757      1.0000       7           
1168773      0.4444       9           
1168784      0.7500       8           
1168795      0.6667       6           
1168805      1.0000       9           
1168812      1.0000       8           
1168834      0.5714       7           
1168848      1.0000       5           
1168849      1.0000       20          
1168854      0.5000       6           
1168891      1.0000       5           
1168961      1.0000       5           
1168962      1.0000       5           
1168990      1.0000       6           
1168996      1.0000       7           
1169005      1.0000       10          
1169087      1.0000       10          
1169128      1.0000       4           
1169209      1.0000       4           
1169221      1.0000       11          
1169222      1.0000       5           
1169242      1.0000       8           
1169246      1.0000       2           
