Event 6 Statistics:
Number of clusters: 1358
Average connectivity: 0.8827
Average track length: 6.33
Noise contamination: 74035 noise points, 8596 signal points
Signal-to-noise ratio: 0.12
Average noise ratio: 0.6295

Detailed Cluster Metrics:
Cluster ID   Connectivity Track Length
----------------------------------------
6000000      1.0000       10          
6000001      0.5714       7           
6000012      1.0000       3           
6000024      0.8750       8           
6000033      0.4000       5           
6000034      0.3333       6           
6000035      0.7500       8           
6000036      0.8000       5           
6000037      1.0000       5           
6000044      1.0000       8           
6000051      0.6364       11          
6000054      1.0000       6           
6000056      1.0000       13          
6000057      1.0000       5           
6000058      0.5000       6           
6000070      1.0000       25          
6000079      1.0000       5           
6000089      0.7143       7           
6000091      0.8571       7           
6000092      1.0000       4           
6000093      1.0000       8           
6000115      0.4000       5           
6000116      0.3571       14          
6000117      0.6000       10          
6000120      1.0000       5           
6000123      1.0000       7           
6000133      1.0000       5           
6000134      0.3750       8           
6000136      0.3750       8           
6000137      1.0000       10          
6000143      0.6250       8           
6000144      1.0000       5           
6000145      1.0000       7           
6000146      1.0000       6           
6000147      0.5714       7           
6000148      0.6667       6           
6000149      1.0000       5           
6000152      0.8000       5           
6000154      1.0000       5           
6000155      0.8750       8           
6000180      0.8000       5           
6000181      0.6000       5           
6000192      0.6667       6           
6000193      0.5000       6           
6000200      1.0000       5           
6000201      1.0000       2           
6000204      1.0000       5           
6000205      1.0000       6           
6000206      1.0000       6           
6000207      1.0000       14          
6000223      0.5000       2           
6000225      1.0000       2           
6000226      1.0000       2           
6000296      1.0000       2           
6000297      1.0000       2           
6000324      1.0000       2           
6000538      1.0000       6           
6000561      1.0000       5           
6000695      0.8333       6           
6000697      1.0000       4           
6000698      0.5000       10          
6000712      0.5000       2           
6000715      0.6667       3           
6000721      0.5000       2           
6000722      0.6667       3           
6000724      0.5714       7           
6000746      1.0000       6           
6000749      1.0000       6           
6079406      0.5000       8           
6079407      1.0000       4           
6088226      1.0000       46          
6094641      0.4000       5           
6095891      0.5000       2           
6097618      1.0000       2           
6097740      0.6667       3           
6100621      1.0000       2           
6114911      0.5000       6           
6119312      0.6667       3           
6122388      0.6000       5           
6122427      1.0000       8           
6122486      1.0000       5           
6122491      1.0000       10          
6122494      1.0000       2           
6122499      0.8333       6           
6122513      1.0000       6           
6122514      0.5714       7           
6122517      0.8000       5           
6122521      0.7500       8           
6122629      0.7500       4           
6122657      1.0000       2           
6122667      1.0000       8           
6122669      1.0000       6           
6122671      1.0000       2           
6122770      1.0000       7           
6122773      0.6667       3           
6122836      0.7500       4           
6122868      1.0000       3           
6122934      1.0000       16          
6122936      1.0000       7           
6122950      0.8571       7           
6122952      0.5000       8           
6123005      0.8571       7           
6123120      0.4000       5           
6123137      1.0000       5           
6123141      1.0000       9           
6123148      0.7778       9           
6123151      0.6250       8           
6123154      1.0000       5           
6123156      0.7500       8           
6123167      0.6667       3           
6123190      0.8571       7           
6123191      1.0000       7           
6123192      1.0000       8           
6123194      1.0000       5           
6123200      0.8750       8           
6123202      0.5556       9           
6123213      0.8000       5           
6123214      0.7143       7           
6123232      1.0000       9           
6123233      0.6000       5           
6123312      1.0000       6           
6123339      1.0000       2           
6123388      1.0000       3           
6123612      0.7500       12          
6123682      1.0000       6           
6123836      1.0000       6           
6123838      0.6000       10          
6123840      1.0000       6           
6123867      1.0000       4           
6123868      1.0000       7           
6123942      1.0000       2           
6124079      1.0000       8           
6124087      1.0000       11          
6124098      0.4000       5           
6124101      0.6000       5           
6124232      1.0000       12          
6124352      1.0000       6           
6124355      1.0000       4           
6124367      0.6667       6           
6124371      0.5000       2           
6124379      0.8000       5           
6124394      0.5556       9           
6124396      1.0000       8           
6124420      1.0000       7           
6124450      1.0000       6           
6124452      0.5714       7           
6124453      1.0000       5           
6124457      1.0000       7           
6124459      0.3333       3           
6124472      1.0000       6           
6124473      0.6000       5           
6124477      0.7143       7           
6124478      0.6667       3           
6124482      1.0000       2           
6124484      0.8000       5           
6124499      1.0000       4           
6124503      1.0000       6           
6124504      1.0000       5           
6124505      1.0000       14          
6124506      0.6667       6           
6124507      0.7778       9           
6124522      1.0000       8           
6124525      1.0000       8           
6124537      0.6000       5           
6124554      1.0000       8           
6124557      1.0000       11          
6124558      0.5455       11          
6124559      1.0000       2           
6124926      0.6364       11          
6125029      1.0000       11          
6125049      0.5000       2           
6125256      1.0000       3           
6125320      0.8000       5           
6125335      1.0000       7           
6125337      1.0000       11          
6125340      0.8889       9           
6125353      1.0000       14          
6125359      1.0000       7           
6125371      1.0000       5           
6125372      1.0000       5           
6125455      1.0000       3           
6125525      1.0000       7           
6125571      1.0000       5           
6125583      0.8571       7           
6125593      0.6667       3           
6125594      1.0000       13          
6125624      0.8333       6           
6125628      0.6667       6           
6125634      1.0000       7           
6125637      1.0000       7           
6125638      0.5714       7           
6125639      0.6000       5           
6125670      0.6667       3           
6125687      1.0000       9           
6125693      1.0000       11          
6125705      1.0000       6           
6125709      1.0000       8           
6125710      0.6667       9           
6125718      0.7143       7           
6125719      1.0000       6           
6125726      0.7500       4           
6125744      1.0000       2           
6125745      1.0000       4           
6125766      1.0000       4           
6125782      1.0000       6           
6125890      1.0000       7           
6125991      1.0000       2           
6125992      1.0000       2           
6126052      0.7500       4           
6126147      1.0000       9           
6126247      1.0000       3           
6126343      1.0000       8           
6126344      0.6000       5           
6126608      0.5000       8           
6126611      1.0000       7           
6126615      1.0000       6           
6126632      0.5833       12          
6126692      1.0000       4           
6126754      0.5455       11          
6126775      1.0000       8           
6126790      0.7143       7           
6126798      1.0000       9           
6126799      0.8333       12          
6126813      1.0000       11          
6126814      1.0000       7           
6126831      0.8000       5           
6126832      1.0000       11          
6126838      1.0000       9           
6126840      1.0000       5           
6126853      1.0000       8           
6126926      0.6000       5           
6126985      1.0000       2           
6127096      1.0000       2           
6127148      1.0000       3           
6127186      0.6000       5           
6127196      0.7778       9           
6127364      1.0000       2           
6127371      0.6667       3           
6127380      1.0000       5           
6127384      1.0000       6           
6127392      0.5714       7           
6127393      1.0000       10          
6127402      0.8333       12          
6127404      0.5833       12          
6127531      0.6667       6           
6127609      1.0000       2           
6127679      1.0000       4           
6127683      1.0000       5           
6127684      0.5000       8           
6127691      1.0000       8           
6127693      1.0000       3           
6127695      1.0000       3           
6127696      1.0000       4           
6127702      1.0000       3           
6127707      0.5455       11          
6127708      1.0000       2           
6127709      1.0000       7           
6127710      1.0000       6           
6127712      0.5000       4           
6127713      0.6471       17          
6127716      1.0000       19          
6127730      0.8182       11          
6127744      1.0000       5           
6127745      1.0000       7           
6127747      1.0000       8           
6127750      1.0000       10          
6127759      1.0000       5           
6127774      0.6000       10          
6127785      0.9091       11          
6127792      0.5333       15          
6127795      1.0000       2           
6127796      1.0000       5           
6127801      1.0000       3           
6127805      0.6000       5           
6127806      1.0000       7           
6127808      1.0000       5           
6127821      1.0000       4           
6127841      1.0000       6           
6127845      0.8182       11          
6127872      1.0000       7           
6127913      1.0000       6           
6127970      1.0000       4           
6128010      1.0000       2           
6128077      1.0000       3           
6128096      1.0000       2           
6128106      0.6667       3           
6128156      1.0000       8           
6128217      1.0000       9           
6128232      0.7500       4           
6128332      0.9231       13          
6128390      1.0000       7           
6128459      1.0000       6           
6128486      1.0000       4           
6128490      1.0000       5           
6128497      0.8000       5           
6128528      1.0000       2           
6128548      1.0000       5           
6128551      1.0000       4           
6128552      1.0000       2           
6128556      1.0000       7           
6128593      1.0000       6           
6128600      0.8333       12          
6128607      1.0000       6           
6128608      1.0000       8           
6128611      1.0000       6           
6128613      1.0000       7           
6128618      0.8571       7           
6128634      1.0000       7           
6128643      0.6154       13          
6128645      1.0000       9           
6128653      0.7500       4           
6128663      0.6000       5           
6128665      1.0000       5           
6128666      1.0000       5           
6128706      0.6667       3           
6128808      1.0000       3           
6128814      0.4444       9           
6128849      0.8000       5           
6128866      1.0000       2           
6128898      0.8824       17          
6128901      1.0000       6           
6128950      1.0000       6           
6128989      0.5000       8           
6128990      1.0000       2           
6128991      1.0000       3           
6129032      1.0000       2           
6129136      1.0000       5           
6129144      0.7500       4           
6129157      1.0000       7           
6129186      1.0000       2           
6129189      1.0000       3           
6129231      1.0000       7           
6129305      0.8333       6           
6129327      1.0000       5           
6129330      0.8000       5           
6129420      1.0000       7           
6129519      1.0000       7           
6129529      1.0000       8           
6129531      1.0000       2           
6129542      1.0000       5           
6129543      1.0000       10          
6129545      0.5714       7           
6129546      1.0000       11          
6129559      0.7143       7           
6129560      0.8000       5           
6129576      1.0000       7           
6129658      1.0000       4           
6129758      1.0000       2           
6129794      1.0000       2           
6129796      0.6000       5           
6129798      0.5000       4           
6129805      1.0000       9           
6129809      0.6667       6           
6129817      0.8000       5           
6129818      0.6667       3           
6129821      1.0000       4           
6129838      1.0000       5           
6129849      1.0000       3           
6129850      1.0000       6           
6129894      1.0000       9           
6129895      1.0000       3           
6129962      1.0000       4           
6130193      0.6667       3           
6130204      1.0000       16          
6130351      0.5000       4           
6130357      1.0000       4           
6130366      1.0000       12          
6130367      1.0000       12          
6130369      1.0000       7           
6130418      1.0000       7           
6130419      0.6667       3           
6130459      1.0000       6           
6130476      1.0000       5           
6130503      0.6000       5           
6130504      0.8000       5           
6130506      1.0000       5           
6130522      1.0000       5           
6130608      1.0000       3           
6130609      1.0000       2           
6130862      0.6667       3           
6130912      1.0000       10          
6131061      1.0000       3           
6131120      1.0000       2           
6131121      0.3333       3           
6131129      1.0000       2           
6131133      1.0000       2           
6131145      0.8333       6           
6131153      1.0000       9           
6131154      1.0000       7           
6131159      1.0000       5           
6131160      1.0000       2           
6131161      1.0000       5           
6131163      0.5714       7           
6131164      1.0000       5           
6131169      0.7333       15          
6131171      1.0000       19          
6131172      1.0000       16          
6131185      0.7143       7           
6131187      1.0000       7           
6131206      1.0000       17          
6131207      1.0000       5           
6131219      1.0000       5           
6131224      1.0000       6           
6131231      0.6250       8           
6131243      1.0000       12          
6131269      0.7143       7           
6131272      1.0000       4           
6131274      1.0000       7           
6131276      1.0000       11          
6131278      1.0000       2           
6131280      0.7143       7           
6131286      1.0000       5           
6131287      0.5556       18          
6131288      0.7143       7           
6131312      0.5556       9           
6131467      1.0000       3           
6131470      1.0000       2           
6131473      1.0000       8           
6131605      1.0000       7           
6131615      1.0000       7           
6131696      1.0000       2           
6131697      1.0000       2           
6131698      1.0000       3           
6131705      1.0000       2           
6131736      0.5000       2           
6131809      0.3333       6           
6131913      1.0000       6           
6131920      0.6667       3           
6131929      1.0000       6           
6131984      0.8333       6           
6131992      0.6667       6           
6132201      0.6667       6           
6132202      1.0000       6           
6132204      1.0000       5           
6132205      1.0000       5           
6132236      0.8000       5           
6132237      1.0000       6           
6132243      0.5000       6           
6132263      0.6000       5           
6132290      1.0000       2           
6132377      1.0000       6           
6132387      0.5000       8           
6132439      1.0000       2           
6132575      0.8333       6           
6132605      0.7000       10          
6132609      1.0000       9           
6132672      1.0000       2           
6132678      1.0000       10          
6132680      1.0000       4           
6132685      1.0000       7           
6132695      1.0000       5           
6132705      0.8571       7           
6132724      1.0000       6           
6132727      1.0000       8           
6132755      0.6000       10          
6132803      1.0000       8           
6132804      1.0000       6           
6132889      0.6667       6           
6133007      0.6667       3           
6133038      1.0000       7           
6133044      1.0000       7           
6133092      1.0000       12          
6133093      1.0000       6           
6133094      1.0000       13          
6133095      0.6250       8           
6133096      0.5000       4           
6133239      1.0000       2           
6133250      1.0000       4           
6133260      1.0000       5           
6133355      1.0000       5           
6133363      0.7143       7           
6133501      1.0000       14          
6133523      0.6000       5           
6133556      1.0000       6           
6133579      1.0000       8           
6133581      0.7500       8           
6133582      1.0000       12          
6133597      1.0000       5           
6133599      1.0000       5           
6133616      1.0000       7           
6133637      0.6667       6           
6133648      1.0000       2           
6133678      0.8571       7           
6133681      1.0000       11          
6134010      0.7500       4           
6134011      1.0000       4           
6134119      1.0000       11          
6134120      1.0000       10          
6134128      1.0000       13          
6134130      1.0000       10          
6134131      1.0000       15          
6134140      1.0000       15          
6134141      1.0000       12          
6134153      0.5556       9           
6134157      1.0000       7           
6134158      0.4000       10          
6134161      0.4000       5           
6134168      1.0000       9           
6134223      1.0000       4           
6134233      1.0000       5           
6134249      1.0000       2           
6134251      1.0000       2           
6134276      0.6667       3           
6134322      1.0000       9           
6134347      0.6667       3           
6134370      1.0000       6           
6134382      1.0000       5           
6134389      0.8889       9           
6134411      0.4000       10          
6134427      1.0000       7           
6134428      0.6250       8           
6134429      1.0000       3           
6134433      1.0000       5           
6134438      1.0000       8           
6134440      0.6000       5           
6134449      1.0000       6           
6134450      1.0000       5           
6134455      0.7500       4           
6134460      1.0000       7           
6134461      1.0000       5           
6134479      0.6667       3           
6134708      1.0000       5           
6134784      1.0000       3           
6134842      1.0000       6           
6134921      0.5000       2           
6134943      1.0000       8           
6134944      0.8889       9           
6134949      1.0000       2           
6134952      1.0000       3           
6134955      0.6667       6           
6135049      1.0000       4           
6135051      1.0000       7           
6135062      1.0000       8           
6135204      0.5455       11          
6135205      1.0000       10          
6135209      0.7143       7           
6135395      1.0000       9           
6135397      0.5000       2           
6135405      1.0000       5           
6135431      1.0000       8           
6135432      0.9091       11          
6135433      0.8571       7           
6135435      1.0000       10          
6135439      0.5385       13          
6135449      1.0000       9           
6135462      0.7000       10          
6135494      0.6667       6           
6135499      1.0000       14          
6135500      1.0000       8           
6135564      1.0000       6           
6135565      1.0000       5           
6135651      0.8000       5           
6135671      1.0000       6           
6135820      1.0000       18          
6135831      0.7143       7           
6135846      0.6667       3           
6135847      1.0000       6           
6135852      1.0000       6           
6135856      0.5714       7           
6136077      1.0000       2           
6136163      1.0000       5           
6136209      0.6667       6           
6136212      0.8000       10          
6136215      0.8000       5           
6136228      1.0000       14          
6136233      1.0000       8           
6136251      1.0000       9           
6136265      1.0000       8           
6136266      1.0000       4           
6136286      0.7143       7           
6136297      0.6154       13          
6136301      1.0000       6           
6136308      1.0000       6           
6136311      0.6000       5           
6136315      0.4286       7           
6136316      1.0000       10          
6136318      0.8000       5           
6136320      0.6000       5           
6136321      1.0000       9           
6136330      1.0000       9           
6136331      1.0000       10          
6136333      0.6667       15          
6136342      1.0000       5           
6136345      0.8333       6           
6136351      0.7500       8           
6136382      0.8571       7           
6136384      0.8571       7           
6136386      1.0000       9           
6136389      1.0000       6           
6136397      0.5000       8           
6136402      1.0000       6           
6136403      0.7500       8           
6136422      1.0000       5           
6136432      1.0000       2           
6136480      1.0000       2           
6136503      1.0000       3           
6136556      1.0000       3           
6136572      1.0000       3           
6136573      1.0000       2           
6136663      1.0000       2           
6136667      1.0000       2           
6136692      1.0000       6           
6136896      1.0000       2           
6136954      1.0000       5           
6136955      1.0000       3           
6137012      1.0000       5           
6137046      0.5000       2           
6137055      1.0000       8           
6137186      1.0000       6           
6137313      1.0000       7           
6137324      0.6000       5           
6137332      1.0000       5           
6137343      1.0000       2           
6137345      0.5714       7           
6137347      0.4000       5           
6137371      1.0000       5           
6137376      1.0000       7           
6137379      1.0000       7           
6137383      0.8000       5           
6137384      0.3333       6           
6137385      0.5000       8           
6137386      1.0000       5           
6137389      1.0000       9           
6137397      1.0000       7           
6137406      1.0000       4           
6137408      1.0000       12          
6137409      1.0000       4           
6137410      1.0000       5           
6137425      1.0000       5           
6137597      1.0000       4           
6137795      1.0000       6           
6137819      0.5000       6           
6137822      1.0000       9           
6137969      0.7500       4           
6138026      1.0000       3           
6138188      1.0000       4           
6138189      0.8000       5           
6138192      0.6250       8           
6138194      0.8333       6           
6138197      1.0000       18          
6138199      1.0000       7           
6138200      0.8571       7           
6138202      0.6667       6           
6138207      1.0000       7           
6138219      1.0000       6           
6138220      1.0000       4           
6138221      1.0000       9           
6138225      1.0000       5           
6138226      1.0000       2           
6138227      0.8000       5           
6138230      1.0000       8           
6138245      0.6000       5           
6138288      1.0000       2           
6138290      1.0000       2           
6138311      1.0000       2           
6138318      1.0000       2           
6138334      0.8889       9           
6138335      0.5000       4           
6138400      1.0000       5           
6138451      1.0000       3           
6138453      1.0000       2           
6138851      1.0000       5           
6139031      1.0000       11          
6139134      0.6667       9           
6139143      1.0000       11          
6139144      0.8333       6           
6139145      0.8000       5           
6139149      1.0000       6           
6139150      1.0000       6           
6139322      1.0000       8           
6139323      1.0000       10          
6139335      1.0000       2           
6139343      1.0000       6           
6139354      0.6250       8           
6139364      1.0000       2           
6139368      1.0000       8           
6139396      0.5556       9           
6139414      0.6667       3           
6139609      1.0000       3           
6139844      1.0000       6           
6139845      1.0000       10          
6139861      0.6667       3           
6139988      1.0000       9           
6140010      1.0000       7           
6140040      1.0000       21          
6140190      1.0000       6           
6140197      1.0000       2           
6140235      1.0000       8           
6140280      0.7500       4           
6140356      1.0000       3           
6140357      1.0000       7           
6140439      1.0000       4           
6140528      1.0000       6           
6140550      1.0000       2           
6140562      1.0000       9           
6140563      1.0000       5           
6140579      1.0000       10          
6140588      0.6667       3           
6140597      0.7143       7           
6140599      1.0000       6           
6140600      1.0000       10          
6140905      1.0000       2           
6140947      1.0000       8           
6140949      1.0000       10          
6140950      1.0000       5           
6140952      1.0000       5           
6140954      1.0000       7           
6140959      0.7500       4           
6140961      1.0000       6           
6140970      1.0000       7           
6140972      1.0000       9           
6140986      0.6667       6           
6140990      1.0000       9           
6141005      0.8750       8           
6141007      1.0000       11          
6141010      1.0000       3           
6141044      0.9091       11          
6141051      1.0000       5           
6141059      0.7778       9           
6141110      1.0000       2           
6141231      1.0000       7           
6141359      1.0000       2           
6141393      1.0000       7           
6141429      1.0000       8           
6141497      1.0000       7           
6141506      0.6000       10          
6141507      0.6667       6           
6141508      1.0000       10          
6141509      1.0000       3           
6141514      1.0000       6           
6141523      1.0000       6           
6141527      1.0000       5           
6141538      0.8000       5           
6141540      0.5714       7           
6141553      1.0000       7           
6141556      1.0000       4           
6141559      1.0000       5           
6141565      1.0000       8           
6141583      0.4286       7           
6141585      0.6667       6           
6141587      1.0000       6           
6141588      0.8889       9           
6141610      0.6667       3           
6141614      1.0000       6           
6141998      1.0000       7           
6142057      1.0000       4           
6142080      1.0000       2           
6142081      1.0000       3           
6142128      1.0000       7           
6142146      1.0000       8           
6142148      1.0000       3           
6142163      1.0000       3           
6142164      1.0000       3           
6142182      1.0000       3           
6142242      1.0000       9           
6142243      1.0000       4           
6142244      0.7500       8           
6142251      1.0000       2           
6142254      1.0000       8           
6142258      1.0000       10          
6142262      0.7500       8           
6142273      1.0000       7           
6142290      1.0000       6           
6142292      1.0000       7           
6142293      0.4000       5           
6142297      1.0000       2           
6142298      0.5714       7           
6142329      0.6250       8           
6142372      0.7500       8           
6142374      0.8000       5           
6142378      0.5000       6           
6142379      1.0000       5           
6142387      1.0000       5           
6142394      1.0000       16          
6142395      0.5000       12          
6142404      0.5000       4           
6142405      1.0000       5           
6142406      1.0000       7           
6142436      0.8000       5           
6142451      0.4000       5           
6142478      1.0000       2           
6142479      0.5714       7           
6142482      1.0000       2           
6142485      0.4286       7           
6142508      0.4286       7           
6142523      0.8000       5           
6142526      1.0000       5           
6142530      1.0000       7           
6142588      1.0000       4           
6142678      1.0000       4           
6142784      0.5000       4           
6142785      0.8333       6           
6142854      1.0000       2           
6142903      0.7500       4           
6142904      0.7500       4           
6142915      1.0000       2           
6143078      1.0000       2           
6143229      1.0000       9           
6143231      1.0000       9           
6143263      0.5000       2           
6143270      1.0000       2           
6143294      1.0000       6           
6143332      0.7143       7           
6143354      0.7500       4           
6143492      1.0000       6           
6143585      1.0000       2           
6143594      1.0000       4           
6143635      1.0000       2           
6143651      1.0000       6           
6143839      1.0000       4           
6143889      0.6250       8           
6143981      1.0000       6           
6144162      0.5714       7           
6144215      1.0000       5           
6144224      1.0000       9           
6144225      0.8333       6           
6144226      0.7143       7           
6144227      1.0000       4           
6144245      1.0000       10          
6144249      1.0000       10          
6144251      0.6000       5           
6144253      1.0000       5           
6144254      0.8000       5           
6144274      1.0000       11          
6144276      1.0000       9           
6144291      0.7778       9           
6144292      1.0000       15          
6144360      0.6667       3           
6144392      1.0000       2           
6144406      1.0000       3           
6144636      0.7500       4           
6144664      0.7143       7           
6144673      1.0000       10          
6144728      1.0000       12          
6144825      1.0000       3           
6144841      1.0000       5           
6144843      0.6667       3           
6144858      1.0000       6           
6144874      1.0000       9           
6144875      1.0000       17          
6144876      1.0000       6           
6144900      0.8462       13          
6144923      0.8333       6           
6144924      1.0000       9           
6144925      1.0000       5           
6144935      1.0000       5           
6144936      0.7273       11          
6144937      0.7778       9           
6144939      0.6667       3           
6144967      1.0000       3           
6144968      0.5000       6           
6144980      0.6667       6           
6144991      1.0000       5           
6144992      1.0000       9           
6145005      1.0000       5           
6145027      1.0000       5           
6145126      1.0000       2           
6145242      1.0000       4           
6145345      1.0000       2           
6145403      1.0000       5           
6145516      1.0000       2           
6145529      1.0000       2           
6145603      1.0000       3           
6145605      0.6667       9           
6145745      0.5000       8           
6145923      1.0000       5           
6145925      1.0000       5           
6145929      1.0000       7           
6145931      0.5000       8           
6145938      1.0000       2           
6145943      1.0000       9           
6145949      1.0000       5           
6145950      1.0000       20          
6145951      1.0000       3           
6145952      1.0000       8           
6145972      1.0000       9           
6145984      1.0000       8           
6145985      1.0000       7           
6145990      1.0000       14          
6145996      1.0000       3           
6145997      0.6000       5           
6146009      1.0000       5           
6146011      0.6000       5           
6146030      1.0000       9           
6146045      1.0000       4           
6146052      0.8571       7           
6146054      0.8571       7           
6146058      1.0000       7           
6146082      1.0000       2           
6146220      1.0000       8           
6146239      1.0000       6           
6146240      1.0000       4           
6146259      1.0000       2           
6146309      1.0000       2           
6146317      0.8000       5           
6146338      1.0000       2           
6146357      1.0000       6           
6146379      0.6667       12          
6146526      1.0000       4           
6146549      1.0000       5           
6146567      1.0000       5           
6146587      0.5000       2           
6146588      1.0000       2           
6146589      1.0000       4           
6146626      1.0000       2           
6146863      1.0000       5           
6146896      1.0000       2           
6146916      1.0000       9           
6146926      0.7500       4           
6147015      1.0000       7           
6147025      0.5714       7           
6147030      1.0000       13          
6147044      1.0000       3           
6147054      1.0000       2           
6147139      1.0000       2           
6147180      1.0000       6           
6147475      1.0000       6           
6147476      1.0000       13          
6147490      0.5000       10          
6147493      1.0000       9           
6147558      1.0000       11          
6147559      1.0000       11          
6147594      0.8000       5           
6147754      0.5000       2           
6147782      0.6667       3           
6147981      1.0000       11          
6148012      1.0000       9           
6148014      1.0000       2           
6148015      0.5556       9           
6148024      0.8750       8           
6148050      1.0000       3           
6148055      1.0000       4           
6148255      1.0000       6           
6148256      1.0000       3           
6148346      1.0000       5           
6148353      1.0000       6           
6148361      1.0000       7           
6148364      1.0000       9           
6148391      0.7143       7           
6148415      1.0000       8           
6148441      0.5455       11          
6148457      0.8000       5           
6148737      1.0000       8           
6148931      1.0000       3           
6148987      1.0000       4           
6148993      0.8571       7           
6148996      0.8750       8           
6149004      0.8000       5           
6149172      1.0000       4           
6149200      1.0000       7           
6149201      1.0000       3           
6149204      1.0000       3           
6149242      1.0000       5           
6149264      0.5000       2           
6149408      0.8750       8           
6149437      0.7500       4           
6149463      1.0000       6           
6149465      1.0000       2           
6149504      1.0000       3           
6149587      0.6000       5           
6149595      1.0000       6           
6149597      0.6000       5           
6149598      0.7500       4           
6149599      1.0000       5           
6149601      0.6000       5           
6149602      0.7778       9           
6149605      1.0000       7           
6149630      1.0000       5           
6149638      1.0000       5           
6149647      1.0000       7           
6149650      1.0000       4           
6149671      1.0000       2           
6149672      0.4286       7           
6149673      0.8333       6           
6149693      0.2857       7           
6149694      0.8000       5           
6150044      1.0000       2           
6150173      0.8333       6           
6150240      1.0000       7           
6150242      0.7500       12          
6150247      0.8750       8           
6150248      1.0000       9           
6150253      0.8000       5           
6150258      0.4286       7           
6150261      1.0000       8           
6150264      0.7778       9           
6150265      0.7000       10          
6150266      0.6000       5           
6150273      1.0000       5           
6150274      1.0000       5           
6150284      1.0000       6           
6150286      1.0000       5           
6150287      1.0000       10          
6150296      1.0000       6           
6150309      1.0000       2           
6150311      1.0000       7           
6150337      0.6250       8           
6150342      1.0000       4           
6150344      0.5714       7           
6150345      1.0000       7           
6150349      1.0000       8           
6150358      1.0000       7           
6150360      1.0000       11          
6150361      1.0000       10          
6150370      1.0000       6           
6150404      1.0000       9           
6150408      1.0000       7           
6150412      1.0000       3           
6150459      1.0000       3           
6150462      0.6000       5           
6150473      1.0000       3           
6150561      1.0000       2           
6150584      0.7500       8           
6150617      1.0000       8           
6150678      1.0000       2           
6151026      0.6667       3           
6151173      1.0000       12          
6151179      0.6667       9           
6151324      1.0000       3           
6151363      0.6250       8           
6151489      1.0000       10          
6151490      1.0000       7           
6151493      1.0000       9           
6151496      1.0000       4           
6151503      1.0000       10          
6151514      1.0000       3           
6151515      1.0000       10          
6151541      1.0000       2           
6151546      1.0000       5           
6151664      0.8333       6           
6151734      0.8333       6           
6151737      0.8333       6           
6151738      0.8571       7           
6151744      1.0000       5           
6151745      1.0000       2           
6151747      1.0000       7           
6151748      0.4000       5           
6151775      0.6000       5           
6151777      1.0000       7           
6151782      0.4000       5           
6151784      1.0000       2           
6151787      1.0000       8           
6151789      0.5000       4           
6151798      0.6000       5           
6151860      1.0000       4           
6151863      0.8000       5           
6151864      0.4000       5           
6151871      0.6667       9           
6151873      1.0000       14          
6151912      0.6000       5           
6152201      0.5000       4           
6152302      1.0000       5           
6152367      1.0000       2           
6152401      1.0000       10          
6152430      1.0000       7           
6152431      0.6000       5           
6152446      0.5000       10          
6152448      0.7778       9           
6152449      0.7333       15          
6152501      1.0000       6           
6152503      0.5385       13          
6152520      0.6667       6           
6152721      0.8000       5           
6152863      1.0000       2           
6152880      1.0000       7           
6152897      1.0000       2           
6152899      1.0000       9           
6152902      0.7143       7           
6152906      1.0000       6           
6152912      1.0000       7           
6152913      1.0000       2           
6152914      1.0000       13          
6152927      0.5000       6           
6152945      0.5000       6           
6152948      1.0000       8           
6152949      0.5714       7           
6152954      0.3000       10          
6152955      1.0000       8           
6153003      0.7778       9           
6153029      1.0000       5           
6153033      1.0000       2           
6153312      0.6667       6           
6153331      1.0000       5           
6153359      1.0000       6           
6153375      0.6667       3           
6153378      0.5455       11          
6153385      0.7143       7           
6153406      1.0000       17          
6153412      1.0000       7           
6153605      1.0000       2           
6153697      1.0000       5           
6153704      1.0000       9           
6153770      1.0000       2           
6153861      0.8889       9           
6153894      0.6667       3           
6153895      0.5714       7           
6153898      1.0000       10          
6154081      1.0000       4           
6154212      0.8000       5           
6154221      0.4286       7           
6154229      1.0000       8           
6154230      0.5000       4           
6154236      1.0000       6           
6154294      0.5000       2           
6154353      0.6667       3           
6154361      1.0000       4           
6154399      1.0000       2           
6154429      1.0000       4           
6154432      1.0000       8           
6154494      1.0000       3           
6154520      1.0000       3           
6154571      0.5000       4           
6154593      0.8000       5           
6154595      1.0000       4           
6154615      0.8889       9           
6154730      1.0000       5           
6154743      1.0000       8           
6154744      1.0000       12          
6154758      0.6667       6           
6154775      1.0000       8           
6154818      1.0000       11          
6154842      0.7500       4           
6154850      0.5000       10          
6154856      1.0000       5           
6154857      0.8000       5           
6154876      0.7143       7           
6154878      1.0000       9           
6154884      1.0000       2           
6154887      0.8333       6           
6154905      1.0000       12          
6154945      0.8000       10          
6154962      0.7500       4           
6154970      0.9333       15          
6155245      1.0000       8           
6155386      1.0000       3           
6155391      1.0000       4           
6155434      1.0000       2           
6155626      1.0000       5           
6155767      0.8333       6           
6155777      0.7778       18          
6155778      0.5000       8           
6155779      1.0000       12          
6155781      1.0000       3           
6155787      0.5714       7           
6155798      1.0000       3           
6155799      1.0000       5           
6155821      0.5000       4           
6155825      1.0000       5           
6155847      1.0000       17          
6155865      1.0000       7           
6155909      0.8571       7           
6155920      1.0000       2           
6155927      0.7778       9           
6155978      1.0000       4           
6156039      1.0000       7           
6156118      0.8571       7           
6156271      1.0000       2           
6156294      1.0000       3           
6156310      0.5000       4           
6156313      0.6667       6           
6156314      1.0000       4           
6156327      0.6000       5           
6156338      0.4167       12          
6156354      1.0000       11          
6156356      0.8000       5           
6156359      1.0000       6           
6156390      1.0000       2           
6156415      1.0000       6           
6156418      1.0000       3           
6156420      0.7143       7           
6156422      0.7143       7           
6156427      1.0000       9           
6156449      1.0000       19          
6156450      1.0000       2           
6156484      1.0000       2           
6156485      1.0000       2           
6156628      1.0000       2           
6156637      1.0000       9           
6156826      1.0000       5           
6157034      1.0000       2           
6157040      1.0000       5           
6157049      0.8750       8           
6157050      1.0000       6           
6157052      1.0000       12          
6157053      1.0000       6           
6157071      1.0000       11          
6157074      0.7500       8           
6157152      1.0000       8           
6157252      0.5000       2           
6157254      1.0000       9           
6157255      0.5000       8           
6157264      1.0000       8           
6157285      1.0000       5           
6157286      1.0000       6           
6157347      0.5000       8           
6157562      0.6667       6           
6157565      1.0000       3           
6157566      1.0000       7           
6157567      0.8182       11          
6157569      0.8333       6           
6157573      1.0000       8           
6157574      1.0000       8           
6157580      1.0000       14          
6157587      1.0000       6           
6157588      1.0000       4           
6157598      1.0000       7           
6157601      1.0000       4           
6157603      1.0000       7           
6157619      1.0000       7           
6157640      0.6000       10          
6157649      1.0000       7           
6157659      0.5714       14          
6157669      1.0000       5           
6157671      1.0000       5           
6157683      1.0000       9           
6157685      0.7500       4           
6157687      1.0000       6           
6157689      1.0000       7           
6157690      1.0000       9           
6157691      1.0000       4           
6157700      1.0000       6           
6157710      1.0000       5           
6157719      0.6667       6           
6157803      1.0000       4           
6157804      1.0000       3           
6157961      0.5000       2           
6158171      0.7143       7           
6158172      1.0000       8           
6158329      1.0000       2           
6158336      0.7273       11          
6158339      1.0000       9           
6158340      0.5556       9           
6158344      1.0000       4           
6158352      1.0000       5           
6158365      1.0000       5           
6158367      1.0000       3           
6158369      0.5714       7           
6158372      0.5714       7           
6158384      0.6667       3           
6158387      1.0000       4           
6158388      0.8571       7           
6158389      1.0000       5           
6158411      1.0000       5           
6158544      0.7500       4           
6158571      1.0000       3           
6158744      1.0000       12          
6158805      1.0000       5           
6158816      1.0000       2           
6158819      1.0000       4           
6158825      1.0000       4           
6158826      0.5000       4           
6158856      1.0000       6           
6158866      1.0000       10          
6158881      1.0000       7           
6158886      0.6000       5           
6158890      1.0000       5           
6158894      1.0000       3           
6158896      1.0000       6           
6158899      1.0000       10          
6158901      1.0000       2           
6158920      0.6000       10          
6159041      1.0000       5           
6159060      1.0000       2           
6159068      1.0000       2           
6159069      1.0000       2           
6159145      1.0000       2           
6159259      1.0000       14          
6159260      1.0000       6           
6159261      1.0000       3           
6159262      0.4444       9           
6159263      0.9091       11          
6159265      0.8000       5           
6159271      1.0000       2           
6159292      1.0000       8           
6159293      1.0000       6           
6159295      0.8000       5           
6159297      1.0000       7           
6159299      1.0000       9           
6159303      1.0000       9           
6159325      0.7500       4           
6159328      1.0000       3           
6159336      1.0000       13          
6159339      1.0000       10          
6159340      1.0000       5           
6159341      1.0000       6           
6159343      1.0000       3           
6159386      1.0000       2           
6159387      0.3333       3           
6159391      1.0000       16          
6159411      1.0000       7           
6159412      1.0000       5           
6159503      1.0000       9           
6159530      1.0000       2           
6159683      1.0000       7           
6159734      1.0000       10          
6159739      1.0000       7           
6159805      1.0000       2           
6159967      1.0000       2           
6160064      0.6667       6           
6160066      1.0000       15          
6160067      1.0000       5           
6160068      0.8750       8           
6160069      1.0000       14          
6160085      1.0000       10          
6160111      0.8333       6           
6160140      1.0000       5           
6160141      1.0000       12          
6160198      1.0000       14          
6160261      1.0000       2           
6160297      1.0000       5           
6160332      0.8947       19          
6160333      1.0000       6           
6160389      0.6667       3           
6160533      1.0000       4           
6160549      1.0000       8           
6160550      1.0000       15          
6160553      1.0000       9           
6160556      0.5000       6           
6160558      1.0000       7           
6160560      1.0000       2           
6160561      1.0000       8           
6160574      0.8333       6           
6160594      1.0000       6           
6160597      1.0000       5           
6160598      1.0000       5           
6160599      1.0000       4           
6160610      0.6250       8           
6160611      0.7500       20          
6160612      1.0000       8           
6160619      0.7143       7           
6160620      1.0000       5           
6160652      1.0000       5           
6160657      0.6667       9           
6160664      1.0000       7           
6160668      0.8333       6           
6160673      1.0000       6           
6160684      1.0000       7           
6160700      0.5000       8           
6160702      0.5000       6           
6160703      0.5556       9           
6160718      0.6667       6           
6160723      1.0000       9           
6160889      1.0000       2           
6160893      1.0000       6           
6161150      1.0000       4           
6161162      1.0000       5           
6161229      1.0000       5           
6161230      1.0000       2           
6161308      1.0000       2           
6161328      1.0000       13          
6161425      0.6667       6           
6161472      1.0000       4           
6161473      1.0000       8           
6161489      1.0000       8           
6161580      1.0000       2           
6161654      1.0000       6           
6161667      0.6250       8           
6161712      1.0000       3           
