Event 0 Statistics:
Number of clusters: 1516
Average connectivity: 0.8929
Average track length: 6.28
Noise contamination: 85852 noise points, 9517 signal points
Signal-to-noise ratio: 0.11
Average noise ratio: 0.6194

Detailed Cluster Metrics:
Cluster ID   Connectivity Track Length
----------------------------------------
9            1.0000       4           
15           0.5714       7           
21           1.0000       11          
22           0.8571       7           
26           1.0000       5           
29           1.0000       9           
30           1.0000       8           
34           1.0000       9           
38           1.0000       5           
42           1.0000       7           
44           1.0000       7           
52           1.0000       4           
53           1.0000       5           
66           1.0000       2           
67           1.0000       5           
69           0.8750       8           
86           1.0000       9           
91           1.0000       5           
94           1.0000       4           
103          1.0000       7           
108          1.0000       7           
110          1.0000       10          
137          1.0000       6           
138          1.0000       11          
139          1.0000       7           
141          0.7143       7           
146          0.6250       8           
147          1.0000       5           
149          1.0000       2           
157          0.6667       6           
160          1.0000       7           
164          1.0000       3           
166          1.0000       4           
167          1.0000       9           
176          1.0000       12          
183          1.0000       2           
195          1.0000       6           
199          1.0000       8           
202          0.6667       3           
214          1.0000       10          
220          1.0000       6           
241          1.0000       9           
242          0.6000       10          
247          1.0000       7           
248          1.0000       6           
250          1.0000       5           
263          0.5000       6           
273          0.4000       5           
274          0.9167       12          
275          0.8571       7           
280          1.0000       5           
281          0.8571       7           
282          0.6000       5           
283          0.6667       6           
284          0.5000       4           
285          0.6250       8           
286          0.6000       5           
287          1.0000       5           
288          1.0000       5           
290          0.8125       16          
291          1.0000       11          
293          0.5000       4           
312          0.7778       9           
313          0.8333       6           
419          1.0000       5           
420          1.0000       6           
473          1.0000       5           
474          1.0000       8           
562          1.0000       2           
640          1.0000       8           
700          1.0000       4           
701          1.0000       2           
709          0.5000       4           
723          1.0000       7           
724          1.0000       8           
767          0.5000       2           
791          0.5000       4           
805          1.0000       6           
807          1.0000       3           
808          1.0000       4           
809          0.6000       5           
841          0.6667       6           
909          1.0000       14          
926          0.7500       4           
980          1.0000       7           
1011         0.6364       11          
1013         1.0000       2           
2282         1.0000       2           
47702        0.5000       2           
95822        0.7500       4           
97579        0.2500       4           
104639       0.2500       4           
107777       0.3333       3           
113564       0.6667       3           
119631       0.5000       4           
122703       0.5000       2           
125052       0.6667       3           
125053       1.0000       4           
125057       1.0000       14          
125088       0.5000       4           
125091       1.0000       10          
125093       1.0000       9           
125095       1.0000       7           
125132       1.0000       5           
125210       1.0000       2           
125232       1.0000       2           
125360       0.4286       7           
125433       1.0000       2           
125485       1.0000       6           
125541       1.0000       2           
125589       0.9000       10          
125676       0.8750       8           
125889       0.5000       4           
125955       0.8571       7           
125957       0.6429       14          
125966       1.0000       2           
126078       0.6667       3           
126095       1.0000       8           
126165       1.0000       2           
126183       1.0000       4           
126380       0.7500       8           
126385       1.0000       10          
126388       0.8571       7           
126395       1.0000       6           
126396       0.8333       6           
126481       1.0000       2           
126497       1.0000       7           
126502       1.0000       5           
126557       1.0000       7           
126568       0.6667       3           
126659       1.0000       4           
126688       1.0000       4           
126752       1.0000       5           
126758       1.0000       4           
126766       1.0000       9           
126769       1.0000       7           
126773       1.0000       2           
126778       1.0000       8           
126779       1.0000       2           
126780       1.0000       10          
126782       1.0000       2           
126783       0.6667       3           
126784       1.0000       6           
126793       1.0000       6           
126802       0.6667       9           
126803       0.5000       6           
126816       1.0000       6           
126818       0.6667       9           
126823       1.0000       6           
126825       1.0000       2           
126835       1.0000       6           
126839       0.8000       5           
126854       0.6667       9           
127035       0.6000       10          
127072       1.0000       3           
127153       1.0000       8           
127162       1.0000       7           
127164       0.6000       5           
127166       0.7143       7           
127167       1.0000       6           
127169       1.0000       2           
127170       1.0000       2           
127174       1.0000       5           
127180       0.7143       7           
127181       1.0000       5           
127184       1.0000       3           
127186       1.0000       7           
127188       1.0000       5           
127189       1.0000       5           
127190       1.0000       10          
127192       1.0000       5           
127193       0.6667       6           
127194       1.0000       6           
127199       1.0000       6           
127201       0.7333       15          
127202       1.0000       12          
127234       1.0000       3           
127254       1.0000       8           
127256       1.0000       8           
127273       1.0000       7           
127275       1.0000       5           
127283       0.5000       4           
127294       1.0000       8           
127296       0.5556       9           
127297       1.0000       9           
127298       1.0000       5           
127299       0.6667       3           
127318       1.0000       2           
127334       1.0000       10          
127363       1.0000       2           
127365       1.0000       5           
127442       1.0000       13          
127497       1.0000       6           
127650       1.0000       7           
127682       1.0000       7           
127683       1.0000       2           
127684       1.0000       3           
127752       0.5000       6           
127761       1.0000       2           
127862       1.0000       11          
127863       1.0000       3           
127878       1.0000       3           
128158       1.0000       4           
128173       0.5000       8           
128421       1.0000       5           
128454       1.0000       6           
128508       1.0000       2           
128516       1.0000       8           
128520       1.0000       7           
128521       0.5000       6           
128537       0.5714       7           
128552       1.0000       13          
128553       0.8750       8           
128563       1.0000       9           
128579       1.0000       3           
128580       1.0000       6           
128595       0.6667       6           
128596       0.2857       7           
128658       1.0000       2           
128703       1.0000       3           
128831       0.6667       6           
128834       1.0000       3           
128902       0.8000       5           
128921       1.0000       5           
128927       0.8000       5           
128981       1.0000       4           
129034       1.0000       7           
129037       1.0000       10          
129041       1.0000       4           
129043       1.0000       8           
129045       0.8000       5           
129066       1.0000       4           
129067       0.8333       6           
129069       1.0000       2           
129070       0.4286       7           
129074       0.6667       3           
129075       1.0000       4           
129077       0.5714       7           
129082       1.0000       6           
129107       1.0000       7           
129117       1.0000       10          
129129       0.5714       7           
129138       0.6250       8           
129142       1.0000       11          
129145       0.6000       5           
129146       0.6667       6           
129147       1.0000       5           
129148       1.0000       4           
129149       0.7500       12          
129175       1.0000       10          
129183       0.6000       5           
129189       0.6667       6           
129209       0.8571       7           
129210       1.0000       5           
129211       0.9091       11          
129281       0.6667       3           
129599       1.0000       6           
129618       0.8571       14          
129633       1.0000       5           
129691       0.5000       2           
129693       1.0000       3           
129714       1.0000       6           
129726       1.0000       5           
129727       1.0000       7           
129742       1.0000       16          
129744       1.0000       6           
129745       0.6667       3           
129750       1.0000       5           
129751       1.0000       3           
129756       1.0000       11          
129759       1.0000       8           
129761       1.0000       2           
129765       1.0000       14          
129766       0.8333       6           
129778       1.0000       3           
129790       1.0000       7           
129811       1.0000       5           
129813       0.7143       7           
129815       1.0000       4           
129819       1.0000       4           
129822       1.0000       6           
129823       1.0000       5           
129831       1.0000       3           
129833       1.0000       6           
129835       1.0000       6           
129840       0.7143       7           
129841       1.0000       5           
129842       1.0000       2           
129844       1.0000       6           
129862       0.6667       9           
129870       1.0000       5           
129892       0.6667       9           
129893       0.7273       11          
129971       1.0000       6           
130046       1.0000       2           
130253       0.5000       2           
130351       0.8000       5           
130352       1.0000       6           
130358       1.0000       2           
130359       0.6667       3           
130483       1.0000       4           
130526       0.7273       11          
130575       1.0000       2           
130577       1.0000       8           
130668       0.6667       9           
130704       1.0000       2           
130738       1.0000       2           
130747       1.0000       3           
130856       0.8000       5           
130913       1.0000       14          
130919       1.0000       10          
130923       1.0000       7           
130947       1.0000       10          
130949       0.6667       9           
130950       1.0000       9           
131065       0.7500       4           
131070       1.0000       2           
131115       1.0000       2           
131144       1.0000       10          
131305       1.0000       4           
131306       0.4000       5           
131368       1.0000       2           
131474       1.0000       2           
131722       0.8889       9           
131760       1.0000       5           
131764       1.0000       5           
131766       1.0000       17          
131776       0.7500       4           
131777       1.0000       6           
131801       0.8000       10          
131814       1.0000       10          
131823       1.0000       9           
131824       1.0000       2           
131825       0.6667       3           
131827       0.3333       3           
131828       1.0000       8           
131830       0.5000       2           
131837       0.6667       6           
131841       1.0000       8           
131871       0.9444       18          
131881       1.0000       5           
131882       0.8333       6           
131887       1.0000       8           
131930       1.0000       10          
131931       0.7500       4           
131983       1.0000       3           
132044       1.0000       2           
132259       1.0000       8           
132260       1.0000       6           
132263       1.0000       10          
132268       0.8333       6           
132280       0.6000       5           
132289       0.5714       7           
132299       1.0000       5           
132303       1.0000       6           
132402       1.0000       2           
132466       1.0000       7           
132611       1.0000       7           
132697       1.0000       6           
132701       1.0000       9           
132707       1.0000       2           
132726       1.0000       11          
132884       0.4167       12          
132925       1.0000       2           
133036       0.8750       8           
133056       1.0000       3           
133118       1.0000       9           
133127       1.0000       8           
133194       0.8182       11          
133273       0.6667       6           
133274       1.0000       7           
133275       1.0000       8           
133281       0.6000       5           
133291       1.0000       4           
133294       1.0000       8           
133414       1.0000       8           
133438       0.8182       11          
133439       1.0000       6           
133452       1.0000       10          
133453       1.0000       6           
133461       1.0000       7           
133479       0.6667       9           
133773       1.0000       5           
133774       1.0000       7           
133775       1.0000       5           
133776       0.4286       7           
133778       0.8000       5           
133779       1.0000       2           
133780       1.0000       2           
133781       1.0000       11          
133782       0.7143       7           
133788       1.0000       10          
133789       1.0000       14          
133792       1.0000       5           
133798       1.0000       12          
133800       0.8000       5           
133801       1.0000       5           
133802       1.0000       14          
133803       1.0000       9           
133805       0.8750       8           
133818       1.0000       11          
133819       1.0000       5           
133820       0.6000       10          
133824       1.0000       8           
133826       0.7500       8           
133827       1.0000       6           
133830       0.5833       12          
133857       1.0000       6           
133875       1.0000       9           
133876       0.6667       9           
133877       1.0000       4           
133881       0.7500       4           
133884       1.0000       3           
133889       0.6250       8           
133900       0.4000       5           
133903       0.5714       7           
133904       1.0000       5           
133906       1.0000       6           
133911       0.5714       7           
133919       1.0000       9           
133932       0.8889       9           
133938       1.0000       3           
133940       0.8000       5           
133941       0.5000       8           
133943       1.0000       13          
133944       1.0000       7           
133966       1.0000       8           
133994       1.0000       12          
133999       1.0000       8           
134023       0.5714       7           
134143       0.5556       9           
134227       0.7500       4           
134252       1.0000       3           
134313       1.0000       2           
134405       1.0000       7           
134424       1.0000       11          
134454       1.0000       2           
134501       0.6667       9           
134521       1.0000       6           
134550       0.6000       10          
134693       1.0000       2           
134694       0.7500       4           
134715       0.8000       5           
134731       0.5000       10          
134853       1.0000       2           
134864       0.6667       3           
134867       1.0000       2           
134891       1.0000       3           
134946       0.6250       8           
134972       1.0000       8           
134975       1.0000       4           
135079       0.5000       10          
135085       1.0000       2           
135123       1.0000       4           
135178       0.8000       5           
135180       0.7500       8           
135181       1.0000       13          
135214       0.4286       7           
135217       1.0000       5           
135228       1.0000       10          
135230       0.6667       3           
135239       1.0000       4           
135240       1.0000       8           
135257       1.0000       2           
135270       1.0000       7           
135272       0.5000       2           
135273       1.0000       5           
135593       1.0000       3           
135596       1.0000       3           
135652       0.5000       4           
135683       0.4615       13          
135687       1.0000       6           
135690       1.0000       5           
135700       0.6000       10          
135701       1.0000       6           
135704       1.0000       11          
135723       0.8000       5           
135726       1.0000       8           
135727       1.0000       9           
135742       1.0000       3           
135762       0.7500       4           
135763       1.0000       13          
135876       1.0000       7           
135885       0.6667       3           
135921       1.0000       3           
136029       1.0000       5           
136059       1.0000       7           
136106       1.0000       11          
136124       0.5000       2           
136201       1.0000       2           
136222       0.6000       5           
136251       0.8333       12          
136253       1.0000       5           
136258       1.0000       4           
136262       1.0000       5           
136271       1.0000       18          
136272       0.6154       13          
136274       1.0000       9           
136290       1.0000       2           
136297       1.0000       7           
136307       1.0000       5           
136318       1.0000       2           
136322       0.8000       5           
136346       0.7500       8           
136347       1.0000       11          
136368       0.3333       3           
136495       1.0000       2           
136525       1.0000       2           
136716       1.0000       2           
136757       0.9000       10          
136773       0.7143       7           
136833       0.7500       8           
136837       1.0000       6           
136922       1.0000       5           
136925       0.8571       7           
136929       0.8750       24          
137020       1.0000       5           
137332       1.0000       14          
137505       1.0000       15          
137506       0.5385       13          
137510       1.0000       7           
137517       0.6000       5           
137519       1.0000       5           
137540       1.0000       7           
137544       1.0000       7           
137670       1.0000       6           
137903       1.0000       2           
137906       1.0000       5           
138055       1.0000       5           
138060       0.8182       11          
138072       1.0000       9           
138073       0.5000       16          
138076       0.8000       10          
138082       1.0000       2           
138106       1.0000       6           
138108       0.6250       8           
138109       0.6667       6           
138136       0.6250       8           
138138       1.0000       4           
138139       0.7500       4           
138140       1.0000       7           
138147       1.0000       7           
138150       0.6250       16          
138176       1.0000       6           
138178       1.0000       7           
138182       1.0000       20          
138214       1.0000       2           
138327       1.0000       3           
138526       0.5000       8           
138527       1.0000       4           
138602       1.0000       4           
138678       0.5714       7           
138720       1.0000       3           
138722       0.6000       5           
138723       0.8000       5           
138725       1.0000       3           
138726       1.0000       6           
138728       1.0000       6           
138729       0.7500       8           
138730       0.6000       10          
138743       1.0000       8           
138767       1.0000       8           
138776       0.6250       8           
138778       1.0000       3           
138779       1.0000       14          
138780       1.0000       9           
138781       1.0000       2           
138786       0.3333       3           
138800       0.7500       4           
138801       1.0000       5           
138802       0.9000       10          
138803       0.5000       4           
138805       1.0000       5           
138838       1.0000       2           
138839       0.6667       6           
138850       1.0000       7           
138852       1.0000       9           
138904       1.0000       8           
138977       1.0000       2           
139100       1.0000       7           
139154       1.0000       13          
139168       1.0000       5           
139169       0.5000       4           
139172       0.6000       5           
139224       1.0000       2           
139347       1.0000       8           
139350       1.0000       6           
139354       1.0000       5           
139358       0.6000       10          
139363       0.5714       7           
139461       1.0000       13          
139462       1.0000       3           
139467       0.6667       3           
139516       1.0000       6           
139517       0.7500       8           
139523       1.0000       2           
139531       1.0000       2           
139533       0.6000       5           
139534       0.5000       2           
139558       1.0000       9           
139715       1.0000       5           
139729       0.8571       7           
139730       0.3333       3           
139949       1.0000       7           
139960       1.0000       5           
139971       1.0000       5           
139972       1.0000       5           
139974       1.0000       9           
139979       0.8000       5           
139981       1.0000       10          
139982       0.7500       8           
139999       1.0000       7           
140014       1.0000       2           
140066       1.0000       8           
140067       1.0000       2           
140071       0.4000       5           
140073       0.6250       8           
140076       0.6000       5           
140078       0.5000       10          
140079       1.0000       8           
140080       1.0000       6           
140091       0.8889       9           
140094       1.0000       12          
140095       1.0000       9           
140113       0.4000       5           
140181       1.0000       6           
140330       1.0000       2           
140390       0.8000       5           
140402       1.0000       2           
140424       1.0000       3           
140434       1.0000       2           
140603       1.0000       2           
140639       1.0000       13          
140644       1.0000       2           
140669       1.0000       6           
140670       1.0000       3           
140719       1.0000       5           
140773       1.0000       3           
140788       1.0000       5           
140917       1.0000       2           
140919       0.5000       2           
140929       0.5000       2           
140939       1.0000       11          
140956       1.0000       4           
141212       1.0000       3           
141213       1.0000       5           
141227       1.0000       6           
141229       1.0000       9           
141232       0.6667       3           
141233       0.5714       7           
141256       0.5000       4           
141305       1.0000       6           
141311       0.6667       18          
141396       1.0000       5           
141408       1.0000       3           
141438       1.0000       7           
141528       1.0000       3           
141537       1.0000       5           
141635       1.0000       3           
141647       0.5000       4           
141653       1.0000       6           
141663       0.6000       10          
141681       1.0000       2           
141682       1.0000       4           
141988       0.8000       5           
141991       0.5556       9           
141993       0.8333       6           
142008       1.0000       8           
142011       0.5000       4           
142012       0.8889       9           
142022       0.8182       11          
142048       0.8571       7           
142050       0.5714       7           
142051       0.8333       12          
142053       1.0000       6           
142056       0.5455       11          
142061       1.0000       12          
142063       1.0000       2           
142119       1.0000       14          
142139       1.0000       4           
142216       1.0000       4           
142220       1.0000       4           
142228       0.6667       6           
142367       1.0000       2           
142371       1.0000       4           
142376       1.0000       2           
142382       1.0000       4           
142386       1.0000       9           
142427       1.0000       2           
142442       1.0000       9           
142443       1.0000       8           
142466       1.0000       7           
142506       1.0000       8           
142539       1.0000       2           
142676       1.0000       2           
142722       0.7500       4           
142741       1.0000       9           
142745       1.0000       2           
142780       0.8000       5           
142785       1.0000       5           
142788       1.0000       7           
142789       0.6667       6           
142800       1.0000       6           
142801       1.0000       4           
142814       0.7143       7           
142841       1.0000       2           
142853       0.5714       7           
142857       1.0000       5           
142914       1.0000       7           
143096       1.0000       3           
143105       0.4000       5           
143106       1.0000       7           
143111       1.0000       6           
143133       1.0000       5           
143265       1.0000       16          
143270       1.0000       5           
143271       1.0000       7           
143272       1.0000       5           
143273       1.0000       7           
143284       1.0000       7           
143286       0.5000       2           
143288       1.0000       2           
143293       0.5714       7           
143295       1.0000       12          
143298       1.0000       3           
143299       1.0000       9           
143302       0.7000       10          
143303       1.0000       4           
143304       1.0000       11          
143305       1.0000       6           
143307       1.0000       7           
143313       0.6667       3           
143316       1.0000       2           
143332       0.6667       6           
143336       1.0000       9           
143346       1.0000       7           
143377       1.0000       2           
143380       1.0000       3           
143382       1.0000       8           
143383       0.6000       5           
143384       0.5556       9           
143386       0.8750       8           
143387       0.8889       9           
143396       1.0000       6           
143416       1.0000       11          
143417       1.0000       8           
143419       1.0000       11          
143421       0.5000       8           
143428       0.8333       6           
143429       1.0000       5           
143431       1.0000       2           
143435       0.6000       5           
143436       1.0000       9           
143441       1.0000       14          
143442       1.0000       6           
143443       1.0000       6           
143502       0.9091       11          
143504       1.0000       6           
143506       0.7500       4           
143521       1.0000       4           
143522       1.0000       13          
143527       1.0000       2           
143548       1.0000       2           
143549       1.0000       2           
143575       1.0000       4           
143603       1.0000       5           
143604       1.0000       2           
143743       1.0000       6           
143854       1.0000       2           
143859       1.0000       3           
143874       1.0000       6           
143880       1.0000       5           
143953       1.0000       3           
144057       1.0000       2           
144119       1.0000       3           
144124       1.0000       7           
144130       0.6667       3           
144186       1.0000       2           
144189       0.5000       2           
144306       0.3750       8           
144315       1.0000       3           
144324       1.0000       10          
144327       0.6667       9           
144328       0.8000       5           
144329       1.0000       10          
144336       0.8333       6           
144338       1.0000       3           
144339       0.6364       11          
144347       0.8333       6           
144350       0.6667       6           
144369       1.0000       3           
144409       1.0000       2           
144426       1.0000       4           
144660       1.0000       6           
144845       0.6667       6           
144847       0.5714       7           
144848       1.0000       6           
144948       1.0000       8           
144955       1.0000       5           
144967       1.0000       4           
144968       0.6000       5           
144974       0.6000       5           
144977       1.0000       2           
144996       1.0000       5           
145002       1.0000       5           
145080       1.0000       5           
145117       0.6667       3           
145204       1.0000       4           
145275       1.0000       6           
145281       1.0000       3           
145283       1.0000       7           
145284       1.0000       5           
145296       1.0000       16          
145299       0.7500       4           
145343       1.0000       2           
145390       0.5000       4           
145393       0.8571       7           
145395       0.6667       3           
145396       0.7500       4           
145404       1.0000       6           
145405       1.0000       3           
145408       1.0000       9           
145411       1.0000       2           
145421       1.0000       4           
145437       1.0000       3           
145438       1.0000       11          
145441       0.5714       14          
145453       0.7143       7           
145473       0.9000       10          
145475       1.0000       9           
145476       1.0000       8           
145480       1.0000       10          
145499       0.8000       5           
145505       1.0000       8           
145513       1.0000       4           
145519       1.0000       6           
145526       1.0000       2           
145528       1.0000       5           
145529       1.0000       6           
145531       1.0000       9           
145545       1.0000       2           
145616       0.9167       12          
145617       0.8000       5           
145809       1.0000       2           
145870       1.0000       8           
145873       1.0000       3           
145944       0.8333       6           
146097       1.0000       3           
146107       1.0000       2           
146124       1.0000       2           
146130       1.0000       5           
146131       1.0000       2           
146137       1.0000       6           
146141       0.5556       9           
146346       1.0000       7           
146347       1.0000       3           
146349       1.0000       5           
146359       1.0000       6           
146365       1.0000       17          
146366       1.0000       6           
146370       1.0000       14          
146378       1.0000       11          
146381       0.8000       5           
146429       1.0000       7           
146431       1.0000       7           
146433       1.0000       8           
146440       1.0000       5           
146469       1.0000       7           
146474       1.0000       6           
146505       1.0000       7           
146513       0.5000       4           
146514       1.0000       7           
146686       1.0000       7           
146696       1.0000       2           
146709       1.0000       6           
146712       1.0000       2           
146740       1.0000       2           
146900       1.0000       5           
146936       1.0000       2           
146937       1.0000       12          
147103       1.0000       4           
147169       1.0000       4           
147180       0.5714       7           
147204       1.0000       5           
147211       0.5000       4           
147212       1.0000       5           
147224       0.5000       6           
147239       0.6667       3           
147242       1.0000       7           
147412       0.6667       6           
147413       0.5714       7           
147430       0.9231       13          
147469       0.5714       7           
147500       1.0000       7           
147516       1.0000       5           
147581       1.0000       2           
147666       1.0000       4           
147678       0.8889       9           
147688       1.0000       8           
147870       1.0000       8           
147893       1.0000       6           
147897       0.8333       6           
147905       1.0000       7           
147930       1.0000       2           
147931       0.8889       9           
147940       1.0000       2           
147943       1.0000       9           
147946       1.0000       7           
147948       0.6000       10          
147949       0.7273       11          
147968       1.0000       8           
147989       1.0000       3           
148008       1.0000       11          
148029       1.0000       6           
148240       1.0000       3           
148266       1.0000       2           
148293       1.0000       7           
148295       1.0000       7           
148433       1.0000       2           
148525       1.0000       4           
148527       1.0000       5           
148542       1.0000       5           
148580       1.0000       7           
148615       0.8333       6           
148717       0.6000       5           
148807       1.0000       9           
148810       1.0000       8           
148816       1.0000       6           
148817       1.0000       5           
148818       1.0000       7           
148819       1.0000       5           
148855       1.0000       3           
148872       1.0000       11          
148875       1.0000       7           
148880       0.5000       4           
148883       0.7143       7           
148884       0.8889       9           
148891       1.0000       6           
148892       1.0000       9           
148894       1.0000       9           
148896       1.0000       5           
148903       0.5000       4           
148911       0.5000       2           
148952       1.0000       7           
148955       1.0000       5           
148956       0.5000       6           
148960       1.0000       5           
148966       1.0000       5           
148979       1.0000       4           
149000       1.0000       9           
149018       1.0000       2           
149019       0.6667       6           
149020       0.5714       7           
149021       0.8333       6           
149114       1.0000       3           
149136       1.0000       9           
149173       1.0000       2           
149177       1.0000       12          
149369       0.7500       4           
149389       0.5000       6           
149520       1.0000       10          
149589       1.0000       2           
149630       0.5000       2           
149642       1.0000       12          
149650       1.0000       2           
149686       0.6667       3           
149750       1.0000       7           
149760       0.5000       6           
149936       0.7143       7           
149961       0.6000       5           
150233       0.8000       5           
150290       1.0000       4           
150291       1.0000       5           
150293       1.0000       6           
150295       0.5000       8           
150296       1.0000       2           
150305       1.0000       12          
150306       1.0000       8           
150323       1.0000       7           
150325       1.0000       10          
150327       0.7273       11          
150328       1.0000       9           
150329       1.0000       2           
150333       1.0000       9           
150337       0.6667       3           
150344       1.0000       7           
150348       0.5714       14          
150351       1.0000       6           
150365       1.0000       7           
150370       1.0000       2           
150371       1.0000       8           
150372       1.0000       5           
150387       0.6667       9           
150389       1.0000       7           
150391       1.0000       9           
150398       1.0000       9           
150401       1.0000       7           
150415       1.0000       7           
150416       1.0000       10          
150417       0.7143       7           
150431       1.0000       5           
150462       0.3333       6           
150465       0.6000       5           
150485       1.0000       12          
150487       1.0000       6           
150509       1.0000       2           
150510       1.0000       9           
150564       1.0000       2           
150577       1.0000       2           
150639       1.0000       2           
150925       1.0000       9           
150932       1.0000       11          
150942       0.7500       4           
150944       1.0000       2           
150946       0.5000       2           
151030       0.6667       3           
151032       0.6000       5           
151035       1.0000       9           
151079       1.0000       5           
151080       0.4000       5           
151093       1.0000       6           
151094       0.8333       6           
151118       0.7500       4           
151142       0.6667       3           
151152       1.0000       13          
151169       1.0000       5           
151171       1.0000       7           
151172       1.0000       9           
151174       0.8000       5           
151179       0.8889       9           
151182       1.0000       5           
151183       1.0000       2           
151184       1.0000       9           
151208       1.0000       7           
151210       1.0000       16          
151231       0.7778       9           
151241       1.0000       8           
151333       1.0000       3           
151334       1.0000       3           
151379       1.0000       12          
151425       0.6667       6           
151450       1.0000       2           
151631       1.0000       3           
151636       1.0000       5           
151687       1.0000       5           
151689       1.0000       7           
151733       1.0000       7           
151765       1.0000       2           
151766       1.0000       2           
151775       0.6667       6           
151794       1.0000       9           
151804       0.5000       2           
151805       0.6667       3           
151807       0.7500       8           
151815       1.0000       17          
151821       1.0000       4           
152039       1.0000       5           
152062       1.0000       4           
152104       0.5714       7           
152177       1.0000       13          
152193       1.0000       7           
152209       1.0000       8           
152213       0.6000       10          
152214       1.0000       10          
152215       0.8750       8           
152217       1.0000       5           
152219       1.0000       6           
152221       1.0000       6           
152222       1.0000       8           
152223       1.0000       6           
152225       1.0000       6           
152246       1.0000       15          
152247       1.0000       2           
152248       0.8571       7           
152249       0.8333       6           
152250       0.5000       4           
152251       1.0000       2           
152253       1.0000       10          
152263       1.0000       6           
152299       1.0000       9           
152300       1.0000       7           
152308       1.0000       4           
152310       1.0000       13          
152312       1.0000       23          
152314       1.0000       10          
152317       1.0000       11          
152337       1.0000       12          
152338       0.6364       11          
152340       0.6250       8           
152372       1.0000       9           
152374       0.9000       10          
152384       0.5000       2           
152441       0.6000       5           
152499       1.0000       3           
152539       1.0000       7           
152758       0.8571       7           
152761       0.5556       9           
152792       1.0000       2           
152869       1.0000       6           
152884       1.0000       7           
152919       0.8000       5           
152954       1.0000       10          
152978       0.7692       13          
153024       0.6250       8           
153031       0.8000       5           
153096       1.0000       8           
153389       0.7500       8           
153393       0.7778       9           
153398       1.0000       5           
153399       0.8571       7           
153400       1.0000       5           
153403       1.0000       7           
153404       1.0000       14          
153406       1.0000       4           
153407       0.6667       6           
153408       0.6667       6           
153417       0.5000       2           
153419       1.0000       5           
153421       1.0000       8           
153422       1.0000       6           
153428       0.6364       11          
153441       0.6667       6           
153442       1.0000       5           
153444       0.4000       10          
153452       1.0000       16          
153496       0.6667       3           
153512       1.0000       12          
153631       1.0000       2           
153653       1.0000       2           
153686       1.0000       13          
153714       1.0000       2           
153736       1.0000       7           
153840       0.8000       5           
153841       0.4000       5           
153848       1.0000       5           
153869       0.6667       6           
153879       0.8889       9           
153893       0.7500       4           
153906       1.0000       2           
154020       1.0000       2           
154033       1.0000       3           
154053       1.0000       2           
154208       1.0000       2           
154218       1.0000       2           
154314       0.5714       7           
154316       1.0000       3           
154317       1.0000       5           
154326       1.0000       6           
154336       0.4286       7           
154432       1.0000       12          
154543       1.0000       3           
154544       1.0000       7           
154547       1.0000       7           
154571       1.0000       7           
154578       1.0000       10          
154833       1.0000       3           
154880       1.0000       2           
154919       0.6667       6           
155002       1.0000       6           
155003       0.5000       2           
155004       1.0000       6           
155036       0.7778       9           
155038       0.7500       4           
155041       1.0000       17          
155129       1.0000       3           
155137       0.6667       3           
155150       0.5294       17          
155154       0.6667       3           
155165       1.0000       5           
155166       1.0000       7           
155167       1.0000       5           
155168       1.0000       5           
155169       1.0000       7           
155172       1.0000       6           
155185       1.0000       12          
155186       1.0000       10          
155187       0.8333       6           
155189       1.0000       6           
155201       1.0000       3           
155216       1.0000       3           
155218       1.0000       5           
155222       1.0000       3           
155228       0.9000       10          
155229       1.0000       9           
155230       0.7273       11          
155231       1.0000       5           
155234       1.0000       10          
155255       0.7500       8           
155259       1.0000       7           
155263       0.8333       6           
155271       0.5000       2           
155272       0.8571       7           
155296       0.6667       12          
155298       1.0000       9           
155299       0.6667       3           
155301       1.0000       6           
155313       1.0000       9           
155334       1.0000       10          
155438       1.0000       3           
155548       1.0000       7           
155549       1.0000       2           
155575       1.0000       5           
155637       1.0000       9           
155638       1.0000       4           
155767       1.0000       2           
155798       0.6667       3           
155871       1.0000       2           
155952       0.6667       9           
155970       1.0000       9           
155976       1.0000       4           
155984       1.0000       5           
155985       1.0000       5           
155986       0.5000       2           
155996       0.8571       7           
156004       1.0000       5           
156032       1.0000       5           
156126       1.0000       8           
156187       1.0000       2           
156194       1.0000       4           
156389       0.5714       7           
156392       1.0000       3           
156507       0.6667       6           
156514       1.0000       11          
156520       1.0000       10          
156529       1.0000       5           
156564       1.0000       8           
156583       1.0000       5           
156624       1.0000       4           
156810       1.0000       2           
156836       0.5000       2           
156857       1.0000       3           
156858       1.0000       4           
156869       1.0000       3           
156981       1.0000       2           
157042       1.0000       2           
157090       1.0000       2           
157330       0.6667       6           
157336       0.5455       11          
157337       0.6000       5           
157338       1.0000       4           
157340       0.8333       6           
157357       0.7500       8           
157361       1.0000       3           
157364       0.6000       10          
157365       0.6667       3           
157382       0.8333       6           
157383       1.0000       7           
157384       1.0000       10          
157414       1.0000       3           
157417       1.0000       2           
157429       1.0000       7           
157446       1.0000       6           
157452       0.6250       8           
157485       1.0000       4           
157525       1.0000       9           
157528       0.3333       9           
157529       0.5000       6           
157530       1.0000       3           
157559       0.6667       3           
157570       0.8571       7           
157662       1.0000       3           
157666       1.0000       2           
157748       1.0000       2           
157826       1.0000       5           
157911       1.0000       10          
157967       1.0000       3           
158011       1.0000       2           
158014       0.5714       7           
158094       1.0000       2           
158230       0.7778       9           
158415       1.0000       2           
158441       1.0000       8           
158444       1.0000       5           
158462       0.5000       4           
158464       1.0000       7           
158477       1.0000       2           
158483       1.0000       3           
158484       1.0000       8           
158485       0.8750       8           
158487       1.0000       9           
158488       1.0000       5           
158490       0.6667       6           
158507       1.0000       8           
158508       1.0000       8           
158539       0.7273       11          
158541       0.6667       6           
158542       1.0000       8           
158543       1.0000       7           
158560       1.0000       4           
158561       0.4286       7           
158567       1.0000       8           
158570       0.8000       5           
158573       1.0000       4           
158612       1.0000       5           
158968       1.0000       2           
159034       1.0000       6           
159042       1.0000       6           
159183       1.0000       7           
159194       1.0000       11          
159206       0.8000       5           
159229       1.0000       9           
159232       1.0000       3           
159252       1.0000       11          
159413       1.0000       7           
159464       0.8571       7           
159468       1.0000       12          
159472       1.0000       8           
159473       1.0000       6           
159475       1.0000       5           
159476       1.0000       9           
159477       1.0000       13          
159494       1.0000       8           
159502       1.0000       7           
159503       1.0000       7           
159506       1.0000       5           
159507       1.0000       5           
159508       0.5000       8           
159509       1.0000       8           
159510       1.0000       12          
159512       1.0000       12          
159520       1.0000       5           
159521       1.0000       8           
159536       1.0000       7           
159554       1.0000       9           
159557       1.0000       3           
159586       1.0000       3           
159587       1.0000       6           
159588       0.9000       10          
159598       1.0000       4           
159602       1.0000       6           
159650       0.8571       7           
159651       1.0000       7           
159654       1.0000       9           
159726       1.0000       2           
159802       1.0000       2           
159888       1.0000       7           
159890       0.8000       10          
159908       1.0000       2           
160035       0.6667       3           
160053       1.0000       6           
160056       0.5000       4           
160175       0.5000       8           
160176       0.7143       7           
160199       1.0000       2           
160207       1.0000       2           
160210       1.0000       4           
160293       1.0000       3           
160365       1.0000       3           
160367       0.8333       6           
160369       1.0000       2           
160424       1.0000       10          
160451       1.0000       6           
160497       1.0000       3           
160517       1.0000       3           
160625       0.6000       5           
160634       1.0000       8           
160645       0.6667       12          
160712       1.0000       2           
160902       1.0000       5           
161037       1.0000       3           
161042       0.6667       3           
161156       1.0000       3           
161163       1.0000       6           
161187       1.0000       10          
161263       1.0000       6           
161267       0.7500       20          
161338       1.0000       2           
161367       0.8000       5           
161420       0.6000       5           
161439       0.5000       4           
161441       1.0000       9           
161442       1.0000       5           
161448       1.0000       8           
161449       1.0000       6           
161450       1.0000       7           
161451       1.0000       7           
161456       1.0000       6           
161466       1.0000       8           
161477       1.0000       7           
161481       1.0000       16          
161488       0.5455       11          
161490       0.5833       12          
161497       0.8571       7           
161499       0.7778       9           
161500       0.5556       9           
161502       1.0000       6           
161506       1.0000       14          
161513       1.0000       5           
161559       1.0000       9           
161572       0.8333       6           
161593       1.0000       2           
161797       1.0000       9           
161798       1.0000       4           
161804       1.0000       7           
161806       0.8000       5           
161807       1.0000       8           
161822       1.0000       11          
161823       1.0000       9           
161824       0.4000       5           
161826       0.5455       11          
161833       1.0000       6           
161838       1.0000       15          
161848       1.0000       2           
161849       1.0000       5           
161850       1.0000       7           
161851       1.0000       6           
161853       1.0000       5           
161854       0.8750       8           
161871       1.0000       7           
161873       0.5000       6           
161948       1.0000       6           
162001       1.0000       7           
162106       1.0000       8           
162147       0.7500       8           
162256       0.8000       5           
162264       1.0000       11          
162295       1.0000       6           
162407       1.0000       2           
162408       0.8750       8           
162428       1.0000       6           
162565       0.9091       11          
162566       1.0000       9           
162567       0.8182       11          
162590       1.0000       10          
162593       0.6000       5           
162597       0.8333       6           
162607       1.0000       13          
162608       1.0000       10          
162792       1.0000       9           
162831       1.0000       3           
162890       0.8000       5           
162891       1.0000       6           
162925       1.0000       3           
162946       0.6000       10          
163046       1.0000       7           
163053       1.0000       4           
163058       1.0000       2           
163063       0.7143       7           
163081       0.7273       11          
163086       1.0000       14          
163090       0.8333       6           
163092       1.0000       4           
163094       0.6667       3           
163096       1.0000       9           
163104       1.0000       9           
163147       0.6667       6           
163148       0.6000       10          
163152       0.7143       7           
163159       1.0000       5           
163163       0.6667       6           
163164       1.0000       8           
163172       1.0000       5           
163180       1.0000       5           
163199       0.5714       7           
163202       1.0000       5           
163205       1.0000       2           
163329       1.0000       2           
163347       1.0000       3           
163434       1.0000       5           
163437       1.0000       9           
163448       1.0000       5           
163461       1.0000       7           
163541       1.0000       2           
163548       0.9000       20          
163769       1.0000       8           
163844       1.0000       8           
163848       0.8000       5           
163849       1.0000       5           
163850       1.0000       5           
163851       1.0000       2           
163855       1.0000       5           
163861       1.0000       7           
163864       1.0000       2           
163869       0.6250       8           
163884       1.0000       9           
163891       1.0000       7           
163892       0.7500       8           
163894       1.0000       11          
163896       1.0000       7           
163900       1.0000       2           
163901       1.0000       8           
163905       0.5000       8           
163906       1.0000       15          
163911       1.0000       4           
163915       1.0000       2           
163931       1.0000       8           
163932       1.0000       13          
163935       1.0000       13          
163951       1.0000       9           
163981       1.0000       11          
163990       0.6667       6           
164018       0.6667       3           
164037       0.6667       3           
164071       1.0000       3           
164112       1.0000       6           
164113       1.0000       6           
164134       1.0000       2           
164170       1.0000       8           
164191       0.4000       5           
164234       1.0000       2           
164299       1.0000       7           
164323       1.0000       6           
164382       1.0000       3           
164422       0.8000       5           
164480       1.0000       12          
164608       1.0000       6           
164609       1.0000       5           
164619       0.6000       5           
164622       1.0000       6           
164645       0.5714       7           
164667       1.0000       6           
164670       0.5000       6           
165017       0.6667       6           
165024       0.8000       5           
165130       1.0000       2           
165314       0.8333       6           
